
>>> Exporting CSV... <<<
--- CSV EXPORT START ---
timestamp(ms),ax(g),ay(g),az(g),gx(dps),gy(dps),gz(dps),roll(deg),pitch(deg)
13672,0.033,-0.078,1.000,0.183,0.214,-0.397,-4.45,-1.89
13922,0.032,-0.077,1.001,0.901,0.168,-0.397,-4.38,-1.82
14172,0.032,-0.078,1.002,0.351,0.168,-0.305,-4.44,-1.82
14422,0.033,-0.077,1.001,0.351,0.183,-0.351,-4.42,-1.87
14672,0.031,-0.076,1.002,0.229,0.183,-0.336,-4.35,-1.77
14922,0.032,-0.078,1.003,0.214,0.198,-0.321,-4.42,-1.81
15172,0.031,-0.079,0.999,0.397,0.122,-0.321,-4.52,-1.79
15422,0.033,-0.079,1.002,0.244,0.153,-0.412,-4.54,-1.86
15672,0.032,-0.076,1.002,0.198,0.168,-0.366,-4.35,-1.82
15922,0.033,-0.074,1.002,0.382,0.153,-0.366,-4.21,-1.87
16172,0.031,-0.078,1.001,0.427,0.183,-0.382,-4.46,-1.78
16422,0.001,0.084,1.024,-2.366,-2.122,-3.832,4.68,-0.06
16672,-0.016,0.053,1.012,1.420,-6.458,1.237,3.00,0.93
16922,0.000,-0.007,1.289,-55.023,-1.527,-11.115,-0.33,-0.00
17172,0.151,0.022,1.000,101.038,70.321,-21.038,1.24,-8.57
17422,0.105,0.232,1.066,-14.076,27.038,26.382,12.26,-5.50
17672,0.031,-0.001,0.922,-63.573,-44.519,-11.679,-0.05,-1.95
17922,0.066,0.116,1.258,12.855,4.336,-15.695,5.27,-3.01
18172,0.130,-0.003,1.013,3.084,15.084,-6.122,-0.19,-7.31
18422,0.054,0.036,1.097,19.542,25.344,2.382,1.88,-2.84
18672,0.120,0.229,1.058,-47.725,2.611,7.099,12.24,-6.33
18922,0.124,-0.018,0.998,-23.954,15.511,11.893,-1.04,-7.09
19172,0.061,0.062,0.990,52.183,7.924,-1.206,3.56,-3.54
19422,0.091,0.051,0.970,-5.496,-8.366,-16.748,2.98,-5.38
19672,0.104,0.158,0.991,42.931,-1.618,1.420,9.04,-5.92
19922,0.144,0.016,1.015,2.183,-8.168,-4.336,0.88,-8.09
20172,0.229,-0.001,0.939,-17.084,22.473,20.779,-0.06,-13.68
20422,0.089,0.132,1.123,-4.824,-1.130,-1.435,6.71,-4.48
20672,0.078,0.155,0.946,-15.863,7.328,0.443,9.33,-4.67
20922,0.118,0.035,1.041,13.786,-18.534,-31.817,1.95,-6.44
21172,0.128,0.203,0.837,11.603,3.115,-11.145,13.65,-8.45
21422,-0.026,0.043,1.143,-4.427,-37.634,-50.229,2.18,1.28
21672,0.251,0.029,1.203,-84.275,-16.748,-17.145,1.37,-11.79
21922,0.212,-0.033,0.930,55.206,23.344,-8.473,-2.01,-12.83
22172,0.187,0.084,1.049,14.092,-12.595,12.351,4.59,-10.09
22422,-0.299,0.575,0.922,-167.756,-63.160,80.015,31.96,15.37
22672,0.035,0.394,1.192,-12.046,30.137,-15.450,18.28,-1.59
22922,0.223,0.033,0.927,-53.817,-43.588,12.122,2.02,-13.53
23172,0.265,0.165,0.959,15.237,12.534,-2.443,9.78,-15.22
23422,0.147,0.354,1.017,21.618,43.786,29.969,19.18,-7.78
23672,0.101,0.243,0.865,-9.038,-5.817,60.076,15.68,-6.41
23922,0.018,0.368,1.101,-26.427,3.099,10.000,18.50,-0.89
24172,0.144,0.097,0.970,-26.031,-9.405,80.443,5.70,-8.41
24422,0.228,-0.015,1.194,-21.832,69.649,36.107,-0.72,-10.83
24672,0.557,0.179,1.054,-211.130,250.130,202.763,9.63,-27.53
24922,-0.060,-0.453,0.897,20.198,8.397,10.260,-26.79,3.43
25172,0.007,-0.322,0.934,1.344,0.229,-0.611,-19.05,-0.40
25422,-0.084,-0.288,0.900,3.603,27.206,-76.840,-17.73,5.07
25672,0.005,-0.290,0.964,2.076,0.168,-0.351,-16.72,-0.26
25922,0.004,-0.289,0.963,0.611,0.168,-0.321,-16.69,-0.21
26172,0.005,-0.289,0.964,0.504,0.168,-0.366,-16.72,-0.28
26422,0.004,-0.287,0.962,0.672,0.168,-0.321,-16.60,-0.24
26672,0.006,-0.284,0.963,0.504,0.153,-0.412,-16.40,-0.36
26922,0.005,-0.285,0.963,0.458,0.153,-0.473,-16.50,-0.26
27172,0.004,-0.285,0.963,0.427,0.168,-0.412,-16.50,-0.25
27422,0.004,-0.285,0.962,0.595,0.198,-0.382,-16.47,-0.20
27672,0.003,-0.284,0.962,0.504,0.183,-0.412,-16.45,-0.15
27922,0.002,-0.283,0.963,0.458,0.229,-0.336,-16.36,-0.13
28172,0.004,-0.283,0.963,0.489,0.183,-0.351,-16.39,-0.23
28422,0.005,-0.280,0.964,0.519,0.183,-0.366,-16.21,-0.29
28672,0.005,-0.281,0.963,0.427,0.122,-0.351,-16.27,-0.26
28922,0.003,-0.281,0.963,0.458,0.153,-0.351,-16.26,-0.20
29172,0.003,-0.281,0.962,0.489,0.198,-0.397,-16.29,-0.17
29422,0.004,-0.279,0.963,0.504,0.168,-0.336,-16.17,-0.24
29672,0.004,-0.279,0.964,0.412,0.107,-0.351,-16.15,-0.22
29922,0.003,-0.280,0.964,0.443,0.198,-0.336,-16.22,-0.17
30172,0.003,-0.279,0.963,0.382,0.183,-0.336,-16.16,-0.19
30422,0.005,-0.278,0.965,0.443,0.153,-0.321,-16.07,-0.27
30672,0.006,-0.279,0.965,0.443,0.153,-0.351,-16.10,-0.33
30922,0.005,-0.279,0.965,0.443,0.137,-0.382,-16.13,-0.26
31172,0.004,-0.277,0.965,0.427,0.183,-0.366,-16.02,-0.23
31422,0.005,-0.277,0.965,0.427,0.137,-0.412,-16.03,-0.28
31672,0.005,-0.278,0.965,0.412,0.168,-0.351,-16.07,-0.28
31922,0.004,-0.278,0.964,0.458,0.183,-0.351,-16.08,-0.23
32172,0.003,-0.278,0.965,0.412,0.137,-0.351,-16.05,-0.18
32422,0.004,-0.277,0.964,0.382,0.122,-0.397,-16.02,-0.22
32672,0.004,-0.276,0.965,0.458,0.198,-0.382,-15.97,-0.22
32922,0.005,-0.276,0.964,0.366,0.137,-0.321,-15.98,-0.28
33172,0.005,-0.276,0.965,0.397,0.168,-0.366,-15.94,-0.27
33422,0.004,-0.276,0.965,0.397,0.137,-0.366,-15.98,-0.21
33672,0.005,-0.276,0.965,0.427,0.183,-0.382,-15.96,-0.27
33922,0.004,-0.276,0.965,0.412,0.183,-0.351,-15.97,-0.22
34172,0.005,-0.276,0.965,0.382,0.168,-0.321,-15.95,-0.30
34422,0.004,-0.274,0.965,0.397,0.153,-0.351,-15.88,-0.22
34672,0.004,-0.276,0.965,0.366,0.183,-0.427,-15.94,-0.22
34922,0.005,-0.276,0.965,0.351,0.122,-0.382,-15.94,-0.27
35172,0.005,-0.275,0.964,0.382,0.137,-0.351,-15.94,-0.29
35422,0.004,-0.276,0.966,0.397,0.183,-0.382,-15.94,-0.23
35672,0.004,-0.275,0.965,0.366,0.122,-0.351,-15.92,-0.21
35922,0.003,-0.276,0.965,0.366,0.137,-0.351,-15.94,-0.20
36172,0.005,-0.274,0.965,0.397,0.183,-0.336,-15.84,-0.28
36422,0.004,-0.275,0.965,0.229,0.183,-0.336,-15.90,-0.22
36672,0.004,-0.275,0.966,0.321,0.168,-0.336,-15.90,-0.23
36922,0.004,-0.274,0.966,0.336,0.168,-0.336,-15.83,-0.24
37172,0.005,-0.274,0.967,0.397,0.153,-0.351,-15.83,-0.31
37422,0.004,-0.273,0.966,0.397,0.122,-0.366,-15.80,-0.21
37672,0.004,-0.274,0.965,0.382,0.183,-0.382,-15.85,-0.20
37922,0.004,-0.274,0.965,0.412,0.168,-0.305,-15.83,-0.22
38172,0.004,-0.273,0.967,0.351,0.214,-0.305,-15.78,-0.21
38422,0.005,-0.274,0.965,0.397,0.183,-0.351,-15.84,-0.28
38672,0.005,-0.273,0.964,0.382,0.137,-0.382,-15.82,-0.29
38922,0.004,-0.274,0.965,0.351,0.153,-0.366,-15.87,-0.24
39172,0.001,-0.275,0.965,0.305,0.198,-0.321,-15.88,-0.03
39422,0.006,-0.273,0.964,0.336,0.153,-0.321,-15.83,-0.33
39672,0.003,-0.273,0.966,0.427,0.183,-0.366,-15.76,-0.17
39922,0.003,-0.272,0.966,0.351,0.137,-0.351,-15.74,-0.19
40172,0.006,-0.274,0.966,0.458,0.168,-0.366,-15.86,-0.36
40422,0.006,-0.273,0.967,0.443,0.183,-0.397,-15.80,-0.36
40672,0.001,-0.274,0.968,0.473,0.168,-0.382,-15.79,-0.06
40922,0.005,-0.273,0.965,0.260,0.183,-0.351,-15.82,-0.26
41172,0.005,-0.273,0.965,0.382,0.153,-0.382,-15.79,-0.31
41422,0.002,-0.273,0.965,0.443,0.153,-0.366,-15.79,-0.13
41672,0.005,-0.272,0.965,0.443,0.214,-0.366,-15.76,-0.26
41922,0.005,-0.275,0.965,0.275,0.183,-0.382,-15.91,-0.31
42172,0.003,-0.275,0.964,0.397,0.153,-0.382,-15.92,-0.19
42422,0.005,-0.273,0.966,0.290,0.153,-0.397,-15.79,-0.26
42672,0.006,-0.272,0.965,0.580,0.168,-0.366,-15.76,-0.37
42922,0.006,-0.273,0.965,0.397,0.183,-0.366,-15.78,-0.34
43172,0.002,-0.274,0.966,0.473,0.168,-0.397,-15.82,-0.11
43422,0.004,-0.273,0.965,0.397,0.168,-0.321,-15.82,-0.21
43672,0.004,-0.273,0.967,0.443,0.137,-0.351,-15.78,-0.24
43922,0.005,-0.274,0.968,0.412,0.198,-0.382,-15.78,-0.26
44172,0.004,-0.273,0.966,0.458,0.198,-0.427,-15.76,-0.20
44422,0.005,-0.271,0.968,0.458,0.122,-0.351,-15.66,-0.29
44672,0.006,-0.272,0.967,0.412,0.153,-0.366,-15.72,-0.35
44922,0.005,-0.273,0.967,0.443,0.168,-0.366,-15.76,-0.26
45172,0.002,-0.273,0.967,0.290,0.137,-0.366,-15.79,-0.13
45422,0.004,-0.272,0.967,0.397,0.198,-0.366,-15.70,-0.21
45672,0.003,-0.272,0.968,0.336,0.198,-0.382,-15.70,-0.19
45922,0.002,-0.273,0.967,0.366,0.198,-0.305,-15.78,-0.14
46172,0.002,-0.273,0.967,0.351,0.198,-0.351,-15.76,-0.14
46422,0.005,-0.272,0.968,0.427,0.137,-0.336,-15.69,-0.26
46672,0.004,-0.272,0.966,0.336,0.137,-0.321,-15.71,-0.24
46922,0.003,-0.273,0.969,0.840,0.183,-0.336,-15.76,-0.17
47172,0.004,-0.273,0.964,0.550,0.198,-0.321,-15.81,-0.21
47422,0.005,-0.271,0.966,0.412,0.153,-0.366,-15.69,-0.26
47672,0.003,-0.270,0.967,0.412,0.153,-0.397,-15.62,-0.20
47922,0.002,-0.272,0.967,0.382,0.168,-0.366,-15.74,-0.14
48172,0.003,-0.272,0.966,0.321,0.198,-0.351,-15.73,-0.17
48422,0.004,-0.272,0.966,0.366,0.183,-0.351,-15.75,-0.25
48672,0.005,-0.274,0.964,0.183,0.168,-0.366,-15.89,-0.31
48922,0.004,-0.272,0.967,0.366,0.198,-0.382,-15.71,-0.22
49172,0.005,-0.271,0.966,0.382,0.198,-0.366,-15.65,-0.31
49422,0.005,-0.271,0.968,0.458,0.168,-0.412,-15.63,-0.30
49672,0.004,-0.273,0.967,0.397,0.153,-0.336,-15.74,-0.22
49922,0.003,-0.273,0.968,0.366,0.198,-0.397,-15.74,-0.19
50172,0.003,-0.272,0.967,0.443,0.198,-0.321,-15.72,-0.19
50422,0.003,-0.275,0.965,0.336,0.168,-0.382,-15.91,-0.19
50672,0.004,-0.271,0.968,0.229,0.198,-0.351,-15.65,-0.21
50922,0.005,-0.270,0.966,0.397,0.122,-0.366,-15.61,-0.29
51172,0.005,-0.271,0.967,0.427,0.198,-0.382,-15.67,-0.29
51422,0.005,-0.273,0.967,0.382,0.183,-0.397,-15.75,-0.30
51672,0.003,-0.272,0.966,0.366,0.168,-0.397,-15.75,-0.20
51922,0.003,-0.273,0.966,0.366,0.137,-0.382,-15.76,-0.19
52172,0.004,-0.272,0.966,0.336,0.183,-0.366,-15.75,-0.23
52422,0.002,-0.272,0.967,0.260,0.153,-0.382,-15.70,-0.11
52672,0.002,-0.271,0.965,0.412,0.168,-0.397,-15.71,-0.13
52922,0.004,-0.271,0.968,0.794,0.122,-0.397,-15.66,-0.20
53172,0.006,-0.271,0.966,0.412,0.183,-0.366,-15.66,-0.36
53422,0.005,-0.272,0.963,0.000,0.153,-0.382,-15.76,-0.29
53672,0.005,-0.272,0.968,-0.031,0.183,-0.397,-15.70,-0.29
53922,0.004,-0.272,0.967,0.733,0.198,-0.397,-15.72,-0.24
54172,0.005,-0.272,0.967,0.427,0.198,-0.412,-15.74,-0.30
54422,0.005,-0.272,0.967,0.351,0.122,-0.397,-15.71,-0.30
54672,0.004,-0.270,0.965,0.382,0.137,-0.412,-15.66,-0.21
54922,0.005,-0.271,0.966,0.412,0.168,-0.336,-15.69,-0.29
55172,0.003,-0.272,0.968,0.427,0.137,-0.336,-15.70,-0.19
55422,0.005,-0.271,0.967,0.427,0.122,-0.336,-15.62,-0.28
55672,0.004,-0.271,0.966,0.275,0.168,-0.321,-15.69,-0.21
55922,0.003,-0.272,0.967,0.382,0.168,-0.336,-15.69,-0.19
56172,0.004,-0.269,0.968,0.427,0.198,-0.397,-15.54,-0.21
56422,0.004,-0.271,0.967,0.351,0.168,-0.336,-15.66,-0.20
56672,0.001,-0.273,0.967,0.366,0.198,-0.397,-15.75,-0.08
56922,0.003,-0.272,0.966,0.427,0.168,-0.382,-15.75,-0.17
57172,0.003,-0.272,0.968,0.519,0.214,-0.412,-15.68,-0.17
57422,0.004,-0.272,0.966,0.336,0.153,-0.397,-15.74,-0.24
57672,0.004,-0.273,0.965,0.443,0.198,-0.427,-15.78,-0.24
57922,0.004,-0.271,0.966,0.061,0.198,-0.366,-15.66,-0.25
58172,0.004,-0.270,0.966,0.336,0.153,-0.397,-15.61,-0.22
58422,0.004,-0.274,0.964,0.947,0.168,-0.366,-15.87,-0.20
58672,0.004,-0.273,0.966,0.336,0.168,-0.382,-15.75,-0.21
58922,0.003,-0.272,0.967,0.458,0.153,-0.397,-15.70,-0.15
59172,0.001,-0.272,0.968,-0.198,0.198,-0.351,-15.70,-0.07
59422,0.005,-0.271,0.966,0.244,0.214,-0.305,-15.66,-0.31
59672,0.003,-0.271,0.966,0.443,0.168,-0.382,-15.67,-0.19
59922,0.005,-0.271,0.969,0.580,0.153,-0.397,-15.62,-0.26
60172,0.004,-0.272,0.968,0.504,0.183,-0.412,-15.73,-0.23
60422,0.004,-0.273,0.966,0.397,0.153,-0.397,-15.78,-0.23
60672,0.003,-0.272,0.966,0.443,0.122,-0.412,-15.71,-0.20
60922,0.005,-0.271,0.968,0.260,0.198,-0.382,-15.63,-0.28
61172,0.003,-0.271,0.961,0.580,0.229,-0.366,-15.77,-0.18
61422,0.003,-0.273,0.967,0.382,0.107,-0.397,-15.74,-0.19
61672,0.005,-0.271,0.966,0.489,0.168,-0.351,-15.70,-0.31
61922,0.009,-0.278,0.960,1.282,-0.076,0.443,-16.17,-0.53
62172,0.005,-0.272,0.967,0.076,0.168,-0.397,-15.73,-0.27
62422,0.004,-0.271,0.967,0.397,0.214,-0.321,-15.63,-0.23
62672,0.005,-0.270,0.967,0.214,0.168,-0.305,-15.58,-0.29
62922,0.006,-0.271,0.963,0.565,0.168,-0.397,-15.71,-0.34
63172,0.005,-0.271,0.966,0.397,0.168,-0.321,-15.69,-0.31
63422,0.003,-0.271,0.971,0.672,0.168,-0.382,-15.56,-0.19
63672,0.005,-0.270,0.969,0.748,0.198,-0.427,-15.58,-0.28
63922,0.004,-0.270,0.965,0.641,0.214,-0.397,-15.64,-0.24
64172,0.006,-0.271,0.967,0.092,0.122,-0.321,-15.67,-0.32
64422,0.002,-0.271,0.969,0.061,0.198,-0.351,-15.65,-0.09
64672,0.005,-0.269,0.969,0.550,0.168,-0.382,-15.53,-0.27
64922,0.004,-0.273,0.965,0.397,0.183,-0.321,-15.79,-0.20
65172,0.004,-0.270,0.966,0.840,0.168,-0.366,-15.63,-0.23
65422,0.005,-0.268,0.968,0.397,0.183,-0.412,-15.45,-0.27
65672,0.006,-0.270,0.966,0.504,0.137,-0.351,-15.62,-0.37
65922,0.004,-0.271,0.966,0.489,0.183,-0.336,-15.68,-0.20
66172,0.003,-0.271,0.967,0.366,0.183,-0.336,-15.64,-0.15
66422,0.003,-0.270,0.969,0.412,0.137,-0.382,-15.59,-0.15
66672,0.005,-0.270,0.966,0.443,0.198,-0.397,-15.59,-0.29
66922,0.005,-0.271,0.967,0.336,0.153,-0.382,-15.67,-0.26
67172,0.005,-0.270,0.968,0.397,0.198,-0.336,-15.58,-0.28
67422,0.005,-0.271,0.967,0.427,0.153,-0.412,-15.63,-0.29
67672,0.005,-0.270,0.967,0.351,0.168,-0.366,-15.60,-0.28
67922,0.005,-0.271,0.967,0.397,0.214,-0.351,-15.65,-0.26
68172,0.004,-0.271,0.968,0.183,0.137,-0.366,-15.66,-0.20
68422,0.003,-0.270,0.968,0.382,0.214,-0.397,-15.59,-0.18
68672,0.145,0.026,1.026,21.710,37.221,-71.115,1.46,-8.01
68922,-0.034,-0.229,1.054,-12.321,1.160,-3.634,-12.25,1.81
69172,-0.041,-0.550,0.856,-23.863,22.076,-128.153,-32.72,2.30
69422,0.030,0.276,0.756,250.130,-131.939,-14.076,20.08,-2.13
69672,-0.006,0.623,1.043,1.908,-23.985,-67.649,30.84,0.27
69922,0.208,0.390,0.996,2.748,4.580,-7.908,21.38,-10.99
70172,0.182,0.262,0.922,-8.351,4.412,14.504,15.88,-10.74
70422,0.178,0.441,1.031,71.908,61.038,-76.046,23.15,-9.03
70672,0.103,0.326,1.184,-45.756,-91.908,-50.779,15.41,-4.79
70922,0.115,0.356,0.953,40.214,28.198,-23.878,20.47,-6.44
71172,-0.038,0.469,0.884,29.832,16.702,-14.290,27.96,2.19
71422,0.057,0.077,0.740,-216.656,65.053,236.153,5.91,-4.39
71672,-0.123,0.063,0.796,-71.237,-46.183,39.771,4.54,8.78
71922,0.011,-0.036,0.875,1.878,-13.695,26.229,-2.34,-0.73
72172,0.162,-0.240,1.426,-231.771,-29.573,33.511,-9.56,-6.40
72422,0.071,-0.061,1.003,1.710,0.748,0.107,-3.50,-4.02
72672,0.076,-0.054,1.004,1.725,0.611,-0.031,-3.06,-4.35
72922,0.074,-0.054,1.001,0.641,0.397,-0.290,-3.10,-4.23
73172,0.074,-0.053,1.002,0.214,0.290,-0.321,-3.03,-4.20
73422,0.071,-0.053,1.001,0.000,0.244,-0.397,-3.02,-4.03
73672,0.068,-0.053,1.000,0.260,0.290,-0.412,-3.05,-3.88
73922,0.067,-0.055,0.995,0.305,0.351,-0.412,-3.15,-3.86
74172,0.066,-0.054,1.000,0.229,0.351,-0.275,-3.10,-3.79
74422,0.065,-0.053,1.000,0.275,0.244,-0.397,-3.02,-3.69
74672,0.066,-0.051,1.000,0.336,0.198,-0.427,-2.94,-3.77
74922,0.065,-0.051,1.001,0.397,0.244,-0.351,-2.93,-3.74
75172,0.067,-0.058,1.006,-1.221,0.901,1.557,-3.30,-3.82
75422,0.065,-0.052,1.004,0.366,0.198,-0.397,-2.97,-3.68
75672,0.065,-0.052,0.999,-0.153,0.275,-0.382,-2.95,-3.70
75922,0.065,-0.052,1.000,0.550,0.229,-0.397,-3.00,-3.72
76172,0.067,-0.053,1.001,1.695,0.672,-0.122,-3.02,-3.81
76422,0.061,-0.053,1.000,0.519,0.214,-0.321,-3.06,-3.47
76672,0.062,-0.054,1.001,0.244,0.153,-0.382,-3.10,-3.55
76922,0.060,-0.052,1.002,0.595,0.198,-0.351,-2.98,-3.45

--- CSV EXPORT END ---
