4554.37,-6.97145,-6.66501,-0.766094
4554.48,-6.85654,-6.5118,-0.727789
4554.58,-7.00976,-6.62671,-0.65118
4554.68,-6.74162,-6.58841,-0.727789
4554.79,-6.74162,-6.74162,-0.497961
4554.89,-6.74162,-6.70332,-0.727789
4554.99,-6.77993,-6.5118,-0.689484
4555.10,-6.77993,-6.66501,-0.57457
4555.20,-6.97145,-6.58841,-0.65118
4555.30,-6.77993,-6.62671,-0.57457
4555.41,-6.74162,-6.70332,-0.57457
4555.52,-6.66501,-6.66501,-0.65118
4555.62,-7.3928,-4.86469,-1.95354
4555.72,-7.54602,-3.44742,-1.72371
4555.83,-5.93723,-8.1589,-1.49388
4555.93,-4.9413,-8.84838,2.25998
4556.04,-2.33659,-8.31211,-1.30236
4556.14,-1.99184,-6.70332,1.53219
4556.24,-6.01384,-8.04398,-1.99184
4556.34,-5.86062,-7.31619,-1.95354
4556.45,-5.63079,-7.73755,-1.68541
4556.55,-5.36266,-7.66094,-1.68541
4556.65,-5.40096,-7.69924,-1.57049
4556.76,-5.43926,-7.69924,-1.99184
4556.86,-5.93723,-8.1972,-1.11084
4556.96,-4.0986,-8.08229,-1.6471
4557.07,-5.13283,-8.1589,-2.79624
4557.17,-5.97553,-6.70332,-5.01791
4557.28,-3.44742,-7.31619,-4.36673
4557.38,-2.94946,-8.58025,-3.2942
4557.48,-5.40096,-7.77585,-1.91523
4557.59,-5.43926,-5.24774,4.48165
4557.69,-4.40504,-7.89076,-0.0383047
4557.79,-5.51587,-7.66094,-1.45558
4557.90,-5.47757,-7.69924,-1.30236
4558.00,-5.43926,-7.73755,-1.22575
4558.10,-5.36266,-7.85246,-0.804398
4558.21,-5.43926,-7.81416,-1.37897
4558.31,-5.63079,-7.85246,-0.804398
4558.42,-6.62671,-7.73755,-2.03015
4558.52,-8.04398,-8.12059,-3.67725
4558.62,-5.01791,-9.34634,1.68541
4558.72,-8.23551,-3.33251,-1.68541
4558.83,-5.78401,-2.56641,-0.383047
4558.93,-6.47349,-3.52403,1.68541
4559.04,-8.12059,-8.1972,5.40096
4559.14,-13.5599,-9.72939,7.46941
4559.25,-13.4066,-5.17113,0.229828
4559.35,-13.7131,-5.13283,-9.57617
4559.46,-4.59656,-8.96329,-2.83455
4559.56,-4.86469,-8.1589,-0.57457
4559.66,-5.59248,-8.04398,-1.18745
4559.77,-6.24366,-8.23551,-1.26405
4559.87,-6.89484,-9.07821,-2.60472
4559.97,-3.40912,-11.4531,2.10676
4560.08,-0.842703,-7.85246,0.842703
4560.18,-6.32027,-7.27789,-0.727789
4560.28,-10.8402,-10.4572,-0.65118
4560.38,-10.9551,-2.68133,-0.766094
4560.49,-16.1646,-2.98777,-3.94538
4560.59,-6.66501,-8.08229,-0.306437
4560.70,-5.17113,-8.50364,-1.41727
4560.80,-4.903,-8.1972,-0.766094
4560.90,-5.20944,-8.69516,-0.268133
4561.01,-6.85654,-7.85246,-1.99184
4561.11,-7.96737,-10.8785,-0.766094
4561.21,-7.85246,-8.31211,2.06845
4561.32,-6.89484,-7.46941,-0.383047
4561.42,-7.00976,-8.27381,-1.99184
4561.53,-17.5435,-8.50364,-0.57457
4561.63,-16.088,-0.727789,-0.689484
4561.73,-12.6405,-6.77993,2.18337
4561.83,-5.28605,-8.54194,-1.18745
4561.94,-4.48165,-8.58025,-0.191523
4562.04,-4.9413,-8.65686,0.114914
4562.14,-4.82639,-8.23551,-0.57457
4562.25,-7.58433,-10.0358,-1.57049
4562.35,-3.2559,-12.2958,2.52811
4562.46,-1.53219,-7.54602,0.229828
4562.56,-5.01791,-9.07821,-5.43926
4562.66,-14.7473,-8.88668,-8.84838
4562.77,-14.709,-0.612875,-5.93723
4562.87,-3.2559,-7.69924,1.80032
4562.97,-4.71148,-8.58025,-0.114914
4563.08,-4.29012,-8.50364,0.114914
4563.19,-4.59656,-8.31211,-0.114914
4563.29,-4.71148,-8.27381,-0.229828
4563.39,-3.86877,-10.8019,2.41319
4563.50,-1.72371,-9.57617,0.536266
4563.60,-5.47757,-7.3545,-2.22167
4563.71,-3.33251,-8.81008,-2.71963
4563.81,-3.21759,-9.07821,-2.18337
4563.91,-2.03015,-9.26973,-2.10676
4564.01,-4.67317,-8.46534,-0.268133
4564.12,-4.71148,-8.12059,-1.03423
4564.22,-5.05622,-8.1589,-0.804398
4564.32,-4.86469,-8.23551,-0.65118
4564.43,-5.05622,-8.31211,-0.65118
4564.53,-4.82639,-8.1972,-0.727789
4564.63,-5.13283,-8.00568,-1.26405
4564.74,-5.09452,-8.27381,-1.37897
4564.84,-5.40096,-7.77585,-1.53219
4564.95,-5.13283,-7.73755,-1.53219
4565.05,-5.20944,-8.08229,-1.6471
4565.15,-5.66909,-7.62263,-1.76202
4565.25,-6.05214,-10.8785,-3.56234
4565.36,-13.9046,-12.3341,0.268133
4565.46,-11.7212,-4.63487,-2.03015
4565.56,-11.568,1.80032,-1.18745
4565.67,3.67725,4.40504,-0.497961
4565.77,4.21351,1.68541,-2.18337
4565.88,-21.2974,-27.4645,-7.96737
4565.98,-13.1002,-22.0252,0.842703
4566.08,-10.304,-9.806,-5.82231
4566.18,5.66909,1.03423,0.957617
4566.29,3.60064,5.59248,-1.18745
4566.39,3.21759,-1.6088,-7.77585
4566.50,-51.7113,-13.4066,-8.23551
4566.60,-13.4832,-13.2151,-6.09044
4566.70,4.9413,-2.52811,-2.52811
4566.81,5.36266,2.03015,-0.153219
4566.92,6.77993,-4.0603,-2.71963
4567.02,-17.1605,-10.2657,-1.18745
4567.13,-17.0456,-8.61855,-2.41319
4567.23,-6.16705,-7.46941,-2.37489
4567.33,-4.17521,-9.53786,-1.99184
4567.43,-4.51995,-8.58025,-1.76202
4567.54,-5.51587,-7.43111,-0.689484
4567.64,-5.93723,-6.97145,-0.536266
4567.74,-5.97553,-8.61855,-1.80032
4567.85,-4.903,-8.35042,-0.65118
4567.95,-5.01791,-6.66501,-0.804398
4568.05,-5.20944,-8.69516,-0.344742
4568.16,-4.67317,-8.35042,-0.306437
4568.26,-4.55826,-8.38873,0.153219
4568.36,-3.52403,-2.52811,-0.306437
4568.46,-4.903,-8.27381,0.191523
4568.57,-5.05622,-8.23551,0.153219
4568.67,-5.17113,-7.81416,-0.191523
4568.78,-6.16705,-8.12059,-1.14914
4568.88,-7.16298,-7.3928,-1.95354
4568.98,-6.74162,-8.54194,0.0
4569.09,-3.86877,-7.96737,-0.191523
4569.19,-3.79216,-6.43519,-0.995922
4569.29,-6.39688,-7.43111,-1.34066
4569.40,-7.85246,-8.08229,-1.14914
4569.50,-7.12467,-8.38873,-0.344742
4569.60,-9.72939,-5.51587,-0.804398
4569.71,-9.72939,-16.5859,-3.83047
4569.81,-3.67725,-8.65686,0.191523
4569.91,-4.0986,-8.73347,-0.383047
4570.02,-4.40504,-8.46534,-0.153219
4570.12,-4.44334,-8.1972,0.268133
4570.22,-4.71148,-8.81008,-0.57457
4570.33,-4.59656,-8.61855,-0.344742
4570.43,-4.67317,-8.23551,0.0383047
4570.53,-4.74978,-8.42703,-0.383047
4570.64,-4.78809,-8.35042,0.0
4570.75,-4.97961,-8.23551,0.229828
4570.85,-5.13283,-8.1589,0.0766094
4570.96,-6.20536,-8.46534,-1.07253
4571.06,-5.63079,-7.58433,-0.459656
4571.16,-5.93723,-8.35042,-0.306437
4571.26,-6.39688,-8.35042,-0.995922
4571.37,-7.04806,-7.81416,-1.11084
4571.47,-7.00976,-7.66094,-0.268133
4571.58,-3.21759,-7.27789,-0.804398
4571.68,-5.66909,-7.3545,-0.957617
4571.78,-9.95922,-7.85246,-0.459656
4571.88,-9.65278,-7.58433,1.45558
4571.99,-9.34634,-3.10268,-1.14914
4572.09,-4.13691,-8.58025,-1.18745
4572.20,-4.63487,-8.77177,-1.37897
4572.30,-4.32843,-8.65686,-0.344742
4572.40,-4.21351,-8.50364,-0.114914
4572.51,-4.17521,-8.54194,-0.229828
4572.61,-4.36673,-8.46534,-0.268133
4572.71,-4.78809,-8.46534,-0.191523
4572.81,-4.71148,-8.38873,-0.268133
4572.92,-4.74978,-8.1972,-0.114914
4573.02,-4.32843,-8.46534,-0.0383047
4573.13,-4.48165,-8.50364,-0.65118
4573.23,-5.66909,-8.42703,-0.497961
4573.33,-6.24366,-7.69924,-0.612875
4573.44,-6.70332,-7.69924,-0.306437
4573.54,-6.58841,-8.27381,-0.306437
4573.64,-6.43519,-8.04398,-1.49388
4573.75,-2.37489,-7.66094,-2.75794
4573.85,-5.89892,-7.77585,-2.22167
4573.95,-8.54194,-7.12467,-1.49388
4574.06,-8.88668,-4.51995,-1.6471
4574.16,-4.17521,-8.73347,-0.842703
4574.26,-4.51995,-8.42703,-0.766094
4574.38,-4.78809,-8.08229,-0.766094
4574.48,-4.86469,-8.31211,-1.76202
4574.58,-5.05622,-8.1972,-0.689484
4574.69,-4.78809,-8.1972,-0.344742
4574.79,-5.01791,-8.23551,-0.57457
4574.89,-4.82639,-8.1972,-0.383047
4575.00,-5.20944,-8.31211,-0.65118
4575.10,-4.82639,-8.38873,-0.268133
4575.20,-5.51587,-8.23551,-0.65118
4575.30,-5.63079,-8.54194,-0.612875
4575.41,-5.86062,-8.38873,-0.57457
4575.51,-5.86062,-7.58433,-0.57457
4575.62,-6.58841,-8.08229,0.229828
4575.72,-2.64302,-7.54602,-1.34066
4575.82,-6.09044,-6.5118,-2.03015
4575.93,-8.1589,-8.23551,-2.4515
4576.03,-8.84838,-7.3545,-1.80032
4576.13,-8.35042,-6.12875,-2.10676
4576.24,-4.32843,-9.99752,-2.18337
4576.34,-2.87285,-9.0016,-0.995922
4576.44,-2.79624,-8.84838,-0.881008
4576.55,-4.25182,-8.46534,-0.497961
4576.65,-4.17521,-8.46534,-0.268133
4576.76,-4.25182,-8.69516,-0.344742
4576.86,-4.25182,-8.42703,-0.459656
4576.96,-4.25182,-8.31211,-0.191523
4577.06,-4.44334,-8.46534,-0.383047
4577.17,-4.51995,-8.50364,-0.344742
4577.27,-4.67317,-8.50364,-0.344742
4577.38,-5.01791,-8.31211,-0.689484
4577.48,-4.44334,-8.73347,-0.0383047
4577.58,-4.48165,-8.69516,-0.766094
4577.69,-6.81823,-7.12467,-1.87693
4577.79,-6.93315,-7.3545,-0.497961
4577.89,-4.40504,-7.89076,-0.881008
4578.00,-4.13691,-7.04806,-0.344742
4578.10,-6.77993,-6.97145,-1.68541
4578.21,-7.3545,-7.85246,-2.25998
4578.31,-7.50772,-7.66094,-2.29828
4578.42,-9.38465,-5.51587,-0.689484
4578.52,-11.9894,-3.79216,1.14914
4578.63,-5.13283,-7.89076,-1.53219
4578.73,-4.63487,-8.50364,-1.03423
4578.83,-4.59656,-8.38873,-0.65118
4578.93,-4.44334,-8.46534,-0.459656
4579.04,-4.40504,-8.61855,-0.689484
4579.14,-4.40504,-8.54194,-0.612875
4579.25,-4.59656,-8.38873,-0.383047
4579.35,-4.32843,-8.50364,-0.268133
4579.45,-4.67317,-8.46534,-0.612875
4579.55,-4.82639,-8.35042,-0.421352
4579.66,-5.17113,-8.61855,-0.919312
4579.76,-5.09452,-8.1972,-0.727789
4579.87,-6.5501,-6.97145,-2.41319
4579.97,-6.66501,-7.31619,-0.957617
4580.07,-7.12467,-8.61855,-0.421352
4580.18,-2.56641,-7.92907,-1.34066
4580.28,-2.68133,-7.43111,-1.80032
4580.38,-4.82639,-8.46534,-3.33251
4580.49,-11.8745,-6.35858,-2.4898
4580.59,-12.3341,-3.83047,-1.30236
4580.69,-6.77993,-7.3545,0.804398
4580.80,-5.05622,-8.31211,-1.11084
4580.90,-4.86469,-8.38873,-1.03423
4581.00,-4.82639,-8.46534,-0.919312
4581.11,-4.86469,-8.46534,-0.536266
4581.21,-4.74978,-8.46534,-0.421352
4581.31,-4.59656,-8.35042,-0.191523
4581.42,-4.74978,-8.38873,-0.229828
4581.52,-4.86469,-8.1972,-0.153219
4581.63,-4.74978,-8.31211,-0.229828
4581.73,-4.97961,-8.27381,0.0383047
4581.83,-5.43926,-8.61855,-0.727789
4581.94,-5.89892,-7.85246,-0.804398
4582.04,-6.5501,-7.04806,-0.804398
4582.15,-7.31619,-7.73755,-1.11084
4582.25,-7.12467,-6.5118,-0.804398
4582.36,-7.16298,-7.20128,-0.995922
4582.46,-2.4898,-7.3928,-2.29828
4582.56,-7.92907,-8.08229,-2.22167
4582.67,-8.08229,-7.69924,-2.22167
4582.77,-6.43519,-7.04806,-1.49388
4582.87,-4.36673,-7.96737,-1.53219
4582.97,-3.60064,-8.81008,-1.18745
4583.08,-3.52403,-9.57617,-0.766094
4583.18,-4.02199,-8.73347,0.229828
4583.29,-3.75386,-8.77177,-0.268133
4583.80,-3.98369,-8.77177,-0.306437
4583.91,-4.0603,-8.69516,-0.65118
4584.01,-3.90708,-8.81008,-0.919312
4584.12,-3.94538,-8.50364,-0.344742
4584.31,-3.83047,-8.35042,-2.10676
4584.42,-4.13691,-8.31211,-1.87693
4584.52,-4.44334,-8.35042,-2.75794
4584.63,-4.13691,-8.23551,-2.52811
4584.73,-3.63894,-8.65686,-2.22167
4584.83,-3.37081,-8.77177,-2.60472
4584.94,-3.21759,-8.81008,-2.18337
4585.04,-3.33251,-8.96329,-2.29828
4585.14,-3.10268,-8.77177,-3.06437
4585.25,-2.25998,-8.46534,-1.91523
4585.35,-3.56234,-8.81008,-1.18745
4585.45,-3.21759,-9.0016,-0.383047
4585.56,-4.02199,-8.96329,-0.421352
4585.66,-4.17521,-8.73347,-0.689484
4585.76,-4.21351,-8.81008,-0.766094
4585.87,-4.21351,-8.73347,-0.612875
4585.97,-4.67317,-8.65686,-0.497961
4586.07,-4.40504,-8.46534,-0.383047
4586.18,-4.29012,-8.50364,-0.459656
4586.29,-4.40504,-8.58025,-0.268133
4586.39,-4.29012,-8.61855,-0.0383047
4586.50,-4.59656,-8.54194,-0.229828
4586.60,-4.63487,-8.42703,0.306437
4586.70,-4.74978,-8.42703,-0.383047
4586.81,-4.9413,-8.46534,-0.383047
4586.91,-5.05622,-9.03991,-0.383047
4587.01,-5.97553,-8.38873,-1.45558
4587.12,-4.78809,-6.20536,0.0
4587.22,-4.82639,-7.31619,-1.49388
4587.32,-4.59656,-8.42703,-3.14098
4587.43,-5.51587,-8.50364,-3.2559
4587.53,-5.82231,-8.46534,-2.03015
4587.63,-6.89484,-6.74162,-1.30236
4587.74,-0.881008,-13.4449,-3.40912
4587.84,-0.65118,-7.85246,0.727789
4587.95,-4.48165,-8.35042,-0.689484
4588.05,-4.51995,-8.42703,-0.957617
4588.15,-4.55826,-8.38873,-0.612875
4588.26,-4.55826,-8.31211,-0.727789
4588.36,-4.78809,-8.31211,-0.57457
4588.46,-4.82639,-8.27381,-0.497961
4588.57,-4.9413,-8.31211,-0.383047
4588.67,-4.86469,-8.27381,-0.689484
4588.77,-4.9413,-8.27381,-0.57457
4588.88,-5.05622,-8.23551,-0.57457
4588.98,-5.36266,-7.77585,-0.919312
4589.08,-5.36266,-7.69924,-1.83862
4589.19,-6.09044,-7.08637,-0.881008
4589.29,-7.04806,-8.31211,-0.65118
4589.39,-4.0603,-8.31211,0.0766094
4589.50,-3.83047,-7.04806,-0.536266
4589.60,-6.28197,-7.58433,-1.57049
4589.71,-7.46941,-7.62263,-2.98777
4589.81,-15.5134,-2.94946,-1.26405
4589.91,-5.51587,-8.04398,-0.995922
4590.02,-5.7457,-8.1972,-1.14914
4590.13,-4.903,-8.1972,-0.957617
4590.23,-4.67317,-8.35042,-0.612875
4590.33,-4.78809,-8.23551,-0.804398
4590.44,-4.71148,-8.1972,-0.421352
4590.54,-4.78809,-8.27381,-0.383047
4590.64,-4.74978,-8.23551,-0.536266
4590.75,-5.01791,-8.1972,-0.497961
4590.85,-4.9413,-8.23551,-0.421352
4590.96,-4.9413,-8.27381,-0.57457
4591.06,-4.82639,-8.38873,-0.995922
4591.16,-5.78401,-7.69924,-1.34066
4591.26,-6.35858,-7.04806,-1.18745
4591.37,-6.35858,-6.66501,-1.57049
4591.47,-6.70332,-6.85654,-1.34066
4591.57,-7.27789,-6.5501,-0.804398
4591.68,-4.32843,-6.20536,-1.57049
4591.78,-6.39688,-6.12875,-1.95354
4591.88,-7.54602,-6.89484,-2.22167
4591.99,-6.74162,-7.12467,-2.4898
4592.09,-5.51587,-7.81416,-2.22167
4592.19,-6.47349,-8.1972,-1.37897
4592.30,-8.1972,-5.55418,-1.41727
4592.40,-4.63487,-8.73347,0.804398
4592.50,-3.94538,-8.73347,-0.497961
4592.61,-4.0986,-8.81008,-0.497961
4592.71,-3.90708,-8.69516,-0.268133
4592.81,-4.21351,-8.61855,-0.344742
4592.92,-4.0986,-8.58025,0.0766094
4593.02,-4.21351,-8.77177,-0.191523
4593.12,-4.13691,-8.61855,-0.383047
4593.23,-4.25182,-8.54194,-0.229828
4593.33,-4.55826,-8.65686,-0.229828
4593.43,-4.71148,-8.61855,-0.383047
4593.54,-4.51995,-8.54194,-0.344742
4593.64,-5.09452,-8.50364,-0.727789
4593.75,-5.59248,-7.89076,-0.65118
4593.86,-5.89892,-7.27789,-1.34066
4593.96,-6.12875,-7.58433,-0.689484
4594.06,-6.47349,-7.00976,-1.37897
4594.17,-6.5501,-6.5501,-0.383047
4594.27,-7.23959,-6.66501,-0.804398
4594.37,-7.46941,-6.01384,-0.957617
4594.48,-7.89076,-5.78401,-0.191523
4594.58,-7.89076,-5.55418,0.268133
4594.68,-4.17521,-7.31619,-0.57457
4594.79,-4.32843,-5.82231,-1.49388
4594.89,-7.16298,-7.77585,-1.41727
4594.99,-7.43111,-7.81416,-2.14506
4595.10,-7.23959,-7.12467,-1.49388
4595.20,-7.12467,-7.69924,-0.689484
4595.30,-2.83455,-10.6487,-1.72371
4595.41,-4.32843,-8.54194,-0.421352
4595.51,-4.21351,-8.61855,-0.842703
4595.61,-4.40504,-8.54194,-0.766094
4595.72,-4.25182,-8.50364,-0.383047
4595.82,-4.40504,-8.31211,-0.306437
4595.92,-4.59656,-8.38873,-0.0766094
4596.03,-4.48165,-8.35042,-0.153219
4596.13,-4.55826,-8.42703,-0.536266
4596.23,-4.55826,-8.35042,-0.0383047
4596.34,-4.82639,-8.38873,-0.383047
4596.44,-5.36266,-8.65686,-0.689484
4596.54,-5.7074,-8.12059,-0.804398
4596.65,-6.16705,-6.97145,-1.07253
4596.75,-6.20536,-6.35858,-1.14914
4596.86,-6.89484,-6.16705,-0.612875
4596.96,-7.3545,-5.86062,-0.229828
4597.06,-7.69924,-6.66501,-0.842703
4597.17,-7.58433,-7.27789,-0.536266
4597.27,-3.71555,-8.54194,-0.57457
4597.37,-3.71555,-7.69924,-1.11084
4597.48,-3.86877,-8.88668,-2.06845
4597.59,-8.81008,-8.31211,-2.52811
4597.69,-9.72939,-4.67317,-0.65118
4597.79,-6.85654,-8.12059,-1.95354
4597.90,-4.25182,-8.54194,-0.0383047
4598.00,-4.32843,-8.77177,-0.536266
4598.10,-4.29012,-8.54194,-0.459656
4598.21,-4.25182,-8.54194,-0.153219
4598.31,-4.59656,-8.50364,-0.191523
4598.42,-4.74978,-8.27381,-0.114914
4598.52,-4.9413,-8.35042,-0.344742
4598.62,-4.86469,-8.12059,-0.344742
4598.72,-4.9413,-8.23551,-0.421352
4598.83,-4.36673,-9.23143,-0.383047
4598.93,-5.93723,-7.92907,-1.37897
4599.04,-6.70332,-5.97553,-1.30236
4599.14,-7.3928,-6.5501,-0.766094
4599.24,-7.43111,-6.09044,-0.842703
4599.35,-4.48165,-7.96737,-0.421352
4599.45,-5.09452,-7.23959,-0.995922
4599.55,-5.59248,-6.89484,-2.25998
4599.66,-8.46534,-7.08637,-2.14506
4599.76,-6.74162,-8.23551,-1.6471
4599.87,-6.28197,-7.66094,-1.37897
4599.97,-6.09044,-7.00976,-0.766094
4600.07,-5.05622,-6.89484,-1.26405
4600.17,-5.28605,-8.77177,-1.30236
4600.28,-4.36673,-8.58025,-0.57457
4600.38,-4.74978,-8.38873,-1.07253
4600.48,-4.59656,-8.27381,-0.306437
4600.59,-4.51995,-8.46534,-0.766094
4600.69,-4.40504,-8.50364,-0.0766094
4600.79,-4.59656,-8.38873,-0.153219
4600.90,-4.59656,-8.42703,-0.306437
4601.00,-4.78809,-8.50364,-0.306437
4601.11,-5.05622,-8.23551,-0.421352
4601.21,-5.51587,-8.92499,-0.612875
4601.32,-6.16705,-7.3928,-1.14914
4601.42,-6.39688,-6.89484,-1.18745
4601.53,-6.97145,-6.43519,-1.14914
4601.63,-7.31619,-6.70332,-0.689484
4601.73,-7.12467,-6.62671,-0.57457
4601.84,-4.63487,-6.97145,-1.11084
4601.94,-4.71148,-6.09044,-1.68541
4602.04,-7.50772,-7.3545,-1.68541
4602.15,-6.09044,-8.1972,-1.99184
4602.25,-6.32027,-7.89076,-1.6088
4602.35,-7.08637,-7.04806,-0.612875
4602.46,-7.12467,-5.36266,-1.37897
4602.56,-4.32843,-8.65686,-1.34066
4602.66,-4.36673,-8.77177,-1.18745
4602.77,-4.32843,-8.50364,-0.612875
4602.87,-4.29012,-8.58025,-0.421352
4602.97,-4.67317,-8.58025,-0.57457
4603.08,-3.94538,-8.54194,0.268133
4603.18,-4.17521,-8.61855,0.0766094
4603.29,-4.13691,-8.65686,0.191523
4603.39,-4.44334,-8.38873,0.0766094
4603.49,-4.59656,-8.38873,0.0383047
4603.59,-4.78809,-8.46534,0.191523
4603.70,-4.86469,-8.46534,0.0383047
4603.80,-4.97961,-8.31211,-0.344742
4603.91,-5.05622,-8.77177,-0.191523
4604.01,-4.86469,-7.92907,-0.995922
4604.11,-6.05214,-7.3928,-0.57457
4604.21,-6.5501,-7.50772,-0.689484
4604.32,-6.85654,-7.85246,-0.459656
4604.42,-4.48165,-5.82231,-1.14914
4604.52,-5.93723,-6.05214,-0.957617
4604.63,-6.35858,-7.96737,-1.30236
4604.73,-6.70332,-8.1589,-1.87693
4604.83,-6.24366,-7.62263,-1.57049
4604.94,-5.78401,-7.92907,-0.842703
4605.05,-3.75386,-8.65686,-0.497961
4605.15,-3.90708,-8.04398,-1.18745
4605.26,-5.20944,-9.42295,-1.34066
4605.36,-5.17113,-8.1972,0.229828
4605.46,-3.90708,-8.92499,-0.612875
4605.57,-3.90708,-8.58025,-0.191523
4605.67,-4.0986,-8.69516,-0.306437
4605.78,-4.36673,-8.58025,-0.65118
4605.88,-4.51995,-8.54194,-0.57457
4605.98,-4.29012,-8.61855,-0.383047
4606.09,-4.55826,-8.50364,-0.191523
4606.19,-4.78809,-8.38873,-0.497961
4606.29,-4.86469,-8.35042,-0.153219
4606.40,-4.67317,-8.50364,-0.536266
4606.50,-4.82639,-8.38873,-0.344742
4606.60,-5.20944,-8.35042,-0.612875
4606.71,-5.7457,-8.1589,-1.14914
4606.81,-6.43519,-7.58433,-1.76202
4606.92,-6.85654,-6.47349,-1.11084
4607.02,-6.93315,-4.48165,0.153219
4607.12,-7.20128,-2.25998,-2.03015
4607.22,-9.19312,-2.91116,-3.40912
4607.33,-8.1589,-4.40504,-1.18745
4607.43,-4.0603,-6.81823,-2.75794
4607.54,-4.32843,-7.66094,-4.67317
4607.64,-5.47757,-7.66094,-6.09044
4607.74,-7.43111,-6.93315,-3.17929
4607.84,-4.63487,-8.65686,-7.69924
4607.95,-3.79216,-8.42703,-1.6088
4608.05,-4.9413,-8.12059,-2.33659
4608.15,-4.67317,-8.1972,-1.72371
4608.26,-4.74978,-8.31211,-0.995922
4608.36,-4.55826,-8.35042,-0.229828
4608.46,-4.55826,-8.38873,-0.383047
4608.57,-4.63487,-8.35042,-0.421352
4608.67,-4.82639,-8.38873,-0.766094
4608.79,-4.78809,-8.31211,-0.421352
4608.89,-4.9413,-8.31211,-0.536266
4608.99,-4.903,-8.1972,-0.57457
4609.10,-4.86469,-8.27381,-0.383047
4609.20,-4.86469,-8.23551,-0.344742
4609.30,-5.09452,-8.38873,-0.65118
4609.40,-5.86062,-8.46534,-0.842703
4609.51,-6.47349,-7.85246,-1.41727
4609.61,-6.43519,-5.97553,-1.18745
4609.71,-7.58433,-4.0986,0.0766094
4609.82,-7.73755,-4.67317,-0.536266
4609.92,-6.5501,-5.36266,-1.80032
4610.02,-5.97553,-6.5118,-3.06437
4610.13,-6.39688,-6.97145,-4.17521
4610.23,-6.35858,-7.62263,-3.44742
4610.33,-4.78809,-7.89076,-3.14098
4610.44,-4.86469,-7.92907,-1.99184
4610.54,-4.97961,-7.16298,-1.72371
4610.64,-3.75386,-12.449,-2.60472
4610.75,-3.90708,-8.50364,-0.421352
4610.85,-4.36673,-8.54194,-0.804398
4610.96,-4.55826,-8.50364,-0.344742
4611.06,-4.9413,-8.35042,-0.919312
4611.16,-4.78809,-8.31211,-0.421352
4611.26,-5.05622,-8.50364,-0.536266
4611.37,-4.78809,-8.35042,-0.268133
4611.47,-4.97961,-8.12059,-0.268133
4611.58,-5.13283,-8.04398,-0.229828
4611.68,-5.13283,-8.23551,-0.383047
4611.78,-5.28605,-7.96737,-0.421352
4611.88,-5.17113,-8.27381,-0.57457
4611.99,-6.20536,-8.00568,-0.957617
4612.09,-6.70332,-6.93315,-0.957617
4612.20,-7.12467,-6.05214,-0.995922
4612.30,-7.31619,-7.12467,-0.229828
4612.40,-4.59656,-7.66094,-0.612875
4612.51,-4.903,-6.20536,-1.18745
4612.62,-4.9413,-5.59248,-1.34066
4612.72,-7.77585,-6.43519,-1.41727
4612.83,-6.09044,-7.50772,-1.11084
4612.93,-6.05214,-8.84838,-0.881008
4613.03,-7.23959,-7.00976,-1.6471
4613.13,-2.29828,-12.2192,-2.18337
4613.24,-4.0603,-8.61855,-0.459656
4613.34,-4.63487,-8.54194,-1.11084
4613.45,-4.67317,-8.42703,-0.689484
4613.55,-4.59656,-8.35042,-0.612875
4613.65,-4.67317,-8.31211,-0.344742
4613.76,-4.78809,-8.35042,-0.344742
4613.86,-4.82639,-8.27381,-0.344742
4613.96,-5.01791,-8.31211,-0.268133
4614.07,-5.13283,-8.31211,-0.229828
4614.17,-4.86469,-8.27381,-0.57457
4614.27,-4.97961,-8.46534,-0.421352
4614.38,-5.55418,-8.42703,-0.612875
4614.48,-5.97553,-8.04398,-1.37897
4614.58,-6.43519,-6.70332,-1.07253
4614.69,-6.39688,-6.24366,-0.57457
4614.79,-6.93315,-5.47757,-0.881008
4614.89,-8.12059,-6.81823,-1.22575
4615.00,-4.59656,-6.70332,0.0766094
4615.10,-5.51587,-5.55418,-0.766094
4615.21,-7.46941,-7.00976,-2.14506
4615.31,-6.89484,-7.92907,-0.957617
4615.41,-6.32027,-7.92907,-1.80032
4615.52,-6.5118,-7.3928,-1.30236
4615.62,-6.5501,-6.43519,-1.22575
4615.72,-6.89484,-9.26973,-0.153219
4615.83,-4.36673,-8.88668,-0.881008
4615.93,-3.94538,-8.92499,-0.268133
4616.03,-4.0603,-8.73347,-0.306437
4616.13,-3.90708,-8.69516,-0.459656
4616.24,-4.29012,-8.54194,-0.306437
4616.35,-4.55826,-8.61855,-0.153219
4616.45,-4.71148,-8.38873,-0.0766094
4616.55,-4.59656,-8.46534,0.0
4616.66,-4.82639,-8.35042,-0.268133
4616.76,-4.71148,-8.38873,-0.114914
4616.87,-4.59656,-8.35042,-0.153219
4616.97,-4.78809,-8.38873,-0.191523
4617.07,-5.13283,-8.12059,-0.421352
4617.18,-5.51587,-8.08229,-0.957617
4617.28,-6.28197,-7.20128,-1.34066
4617.38,-6.74162,-6.74162,-1.37897
4617.49,-7.3928,-7.46941,-0.766094
4617.59,-7.12467,-5.05622,-2.41319
4617.69,-3.33251,-7.58433,-0.612875
4617.80,-9.03991,-6.24366,-3.21759
4617.90,-8.96329,-7.08637,-2.64302
4618.00,-5.28605,-7.73755,-2.4515
4618.11,-4.29012,-8.46534,-1.53219
4618.21,-6.47349,-8.00568,-1.14914
4618.31,-7.66094,-5.55418,-1.6471
4618.42,-4.44334,-9.07821,0.65118
4618.52,-4.0603,-8.96329,-0.881008
4618.63,-4.13691,-8.65686,-0.383047
4618.73,-4.25182,-8.58025,0.153219
4618.83,-4.32843,-8.69516,-0.153219
4618.94,-4.25182,-8.73347,-0.114914
4619.04,-4.32843,-8.69516,-0.383047
4619.14,-4.48165,-8.50364,-0.344742
4619.25,-4.71148,-8.61855,-0.383047
4619.35,-4.74978,-8.54194,-0.0766094
4619.45,-4.78809,-8.23551,-0.268133
4619.55,-5.01791,-8.58025,-0.612875
4619.66,-5.32435,-8.1589,-0.766094
4619.76,-6.05214,-7.73755,-1.53219
4619.87,-6.43519,-7.46941,-1.34066
4619.97,-7.46941,-6.39688,-1.72371
4620.07,-6.81823,-5.66909,-0.383047
4620.18,-6.74162,-7.31619,-1.14914
4620.29,-6.62671,-7.50772,-1.83862
4620.39,-5.47757,-7.66094,-2.52811
4620.49,-4.97961,-8.50364,-2.79624
4620.60,-7.23959,-7.81416,-1.87693
4620.70,-10.3423,-3.90708,0.229828
4620.80,-3.10268,-9.806,-1.6471
4620.91,-3.2559,-8.69516,0.0766094
4621.01,-3.71555,-8.54194,-0.536266
4621.11,-3.83047,-8.54194,-0.191523
4621.22,-4.48165,-8.61855,-0.689484
4621.32,-4.13691,-8.65686,-0.306437
4621.42,-4.29012,-8.50364,-0.191523
4621.53,-4.63487,-8.61855,-0.459656
4621.63,-4.51995,-8.54194,-0.421352
4621.73,-4.48165,-8.58025,-0.229828
4621.84,-4.25182,-8.61855,-0.766094
4621.94,-4.40504,-9.23143,-0.957617
4622.04,-5.89892,-7.3928,-1.53219
4622.15,-6.77993,-6.47349,-2.03015
4622.25,-7.54602,-6.89484,-1.76202
4622.36,-7.23959,-5.7457,-0.881008
4622.46,-3.79216,-7.54602,-0.459656
4622.56,-3.94538,-7.69924,-1.83862
4622.67,-5.86062,-8.42703,-2.87285
4622.77,-5.59248,-8.50364,-2.33659
4622.87,-7.16298,-7.66094,-1.76202
4622.98,-9.07821,-5.09452,-0.804398
4623.08,-4.82639,-9.69109,-0.268133
4623.18,-4.17521,-8.58025,-0.383047
4623.29,-4.0986,-8.69516,-0.804398
4623.39,-3.94538,-8.77177,-0.57457
4623.49,-4.0603,-8.69516,-0.0766094
4623.60,-4.02199,-8.54194,0.0383047
4623.70,-4.21351,-8.73347,0.191523
4623.80,-4.55826,-8.50364,-0.229828
4623.92,-4.67317,-8.46534,-0.191523
4624.02,-4.67317,-8.50364,-0.153219
4624.12,-4.59656,-8.54194,-0.229828
4624.23,-4.97961,-8.42703,-0.306437
4624.33,-5.43926,-8.38873,-0.421352
4624.43,-5.86062,-7.62263,-0.57457
4624.54,-6.5501,-7.16298,-0.65118
4624.64,-6.97145,-7.12467,-0.57457
4624.74,-7.54602,-6.39688,-0.57457
4624.85,-6.01384,-4.17521,-1.37897
4624.95,-7.50772,-3.63894,-0.459656
4625.05,-7.31619,-6.32027,-0.919312
4625.16,-6.70332,-7.31619,-2.41319
4625.26,-6.01384,-7.23959,-1.87693
4625.37,-5.20944,-7.62263,-1.6471
4625.47,-5.28605,-8.08229,-1.76202
4625.57,-6.20536,-7.73755,-1.22575
4625.67,-5.93723,-7.54602,-2.03015
4625.78,-3.79216,-8.58025,-2.25998
4625.92,-4.51995,-8.61855,-1.11084
4626.03,-5.01791,-8.46534,-1.53219
4626.13,-4.86469,-8.54194,-1.07253
4626.23,-4.51995,-8.31211,-1.11084
4626.34,-4.48165,-8.58025,-0.344742
4626.44,-4.67317,-8.38873,-0.229828
4626.54,-4.59656,-8.31211,-0.421352
4626.64,-4.82639,-8.08229,-0.344742
4626.75,-5.01791,-8.04398,-0.383047
4626.85,-5.09452,-8.23551,-0.497961
4626.96,-5.7457,-9.30804,-1.11084
4627.06,-6.20536,-7.16298,-1.6471
4627.16,-6.62671,-6.58841,-0.689484
4627.27,-7.12467,-5.89892,-1.22575
4627.37,-7.77585,-5.89892,-0.536266
4627.47,-4.71148,-6.74162,-0.65118
4627.58,-4.97961,-6.93315,-1.6088
4627.68,-6.74162,-7.73755,-3.02607
4627.79,-7.20128,-8.1972,-2.60472
4627.90,-6.74162,-7.50772,-1.34066
4628.00,-6.70332,-6.85654,-0.65118
4628.11,-6.5501,-7.54602,-0.306437
4628.21,-5.05622,-10.1124,-0.919312
4628.31,-3.21759,-8.84838,1.37897
4628.42,-4.0986,-8.96329,-0.383047
4628.52,-4.29012,-8.81008,-0.383047
4628.63,-3.98369,-8.77177,0.0
4628.73,-4.21351,-8.58025,-0.114914
4628.83,-4.0986,-8.61855,0.0
4628.93,-4.36673,-8.65686,-0.0383047
4629.04,-4.25182,-8.69516,0.153219
4629.14,-4.44334,-8.69516,-0.114914
4629.24,-4.17521,-8.88668,-0.0766094
4629.85,-4.17521,-6.43519,-0.153219
4629.96,-6.28197,-7.12467,-1.14914
4630.06,-5.63079,-7.43111,-0.957617
4630.16,-3.94538,-8.00568,-2.25998
4630.27,-4.02199,-8.58025,-3.37081
4630.37,-3.98369,-8.1972,-3.52403
4630.47,-4.36673,-6.81823,-2.06845
4630.58,-6.62671,-8.31211,-0.804398
4630.68,-5.66909,-8.38873,-1.6471
4630.79,-4.51995,-8.50364,-1.57049
4630.89,-4.51995,-8.12059,-0.727789
4630.99,-4.48165,-8.38873,-0.842703
4631.10,-4.63487,-8.35042,-0.804398
4631.20,-4.78809,-8.54194,-0.421352
4631.30,-4.903,-8.1972,-0.229828
4631.41,-4.82639,-8.23551,-0.459656
4631.51,-4.67317,-8.38873,-0.0383047
4631.61,-4.82639,-8.23551,0.153219
4631.71,-4.9413,-8.35042,0.114914
4631.82,-4.78809,-8.27381,0.191523
4631.92,-4.9413,-8.35042,-0.268133
4632.04,-5.09452,-8.65686,0.689484
4632.14,-5.17113,-8.04398,0.306437
4632.24,-5.59248,-7.89076,0.306437
4632.35,-5.63079,-7.08637,0.191523
4632.45,-6.66501,-6.58841,-0.0766094
4632.55,-7.04806,-6.47349,0.191523
4632.66,-7.20128,-7.08637,0.497961
4632.76,-6.85654,-6.74162,0.842703
4632.87,-6.93315,-6.97145,-1.91523
4632.97,-6.81823,-8.00568,-2.94946
4633.07,-6.66501,-8.04398,-2.79624
4633.17,-5.43926,-8.65686,-2.22167
4633.33,-7.89076,-5.89892,-1.91523
4633.44,-6.5118,-7.66094,1.34066
4633.54,-4.67317,-8.81008,-1.45558
4633.64,-4.0986,-8.73347,-0.421352
4633.75,-4.25182,-8.54194,-0.383047
4633.85,-4.40504,-8.69516,-0.344742
4633.96,-4.67317,-8.46534,-0.229828
4634.06,-4.48165,-8.38873,0.0383047
4634.16,-4.51995,-8.31211,-0.0766094
4634.26,-4.55826,-8.38873,0.0
4634.37,-4.74978,-8.42703,-0.191523
4634.47,-4.55826,-8.73347,-0.229828
4634.57,-5.40096,-8.88668,-0.536266
4634.68,-6.05214,-6.85654,-1.07253
4634.78,-5.97553,-6.43519,-0.536266
4634.88,-6.77993,-6.16705,-1.30236
4634.99,-7.81416,-6.93315,-1.11084
4635.09,-2.52811,-8.46534,-1.26405
4635.19,-5.01791,-7.3928,-1.11084
4635.29,-6.32027,-8.65686,-1.80032
4635.40,-6.47349,-8.50364,-2.56641
4635.50,-7.12467,-7.08637,-1.91523
4635.61,-8.31211,-6.35858,-1.14914
4635.71,-6.62671,-8.73347,-1.22575
4635.82,-4.40504,-8.65686,-0.612875
4635.92,-4.21351,-8.54194,-0.536266
4636.03,-4.32843,-8.61855,-0.804398
4636.13,-4.36673,-8.61855,-0.421352
4636.24,-4.13691,-8.50364,0.0
4636.34,-4.25182,-8.46534,-0.229828
4636.44,-4.02199,-8.58025,0.114914
4636.54,-4.29012,-8.54194,-0.268133
4636.65,-4.40504,-8.54194,-0.114914
4636.75,-4.71148,-8.54194,-0.344742
4636.86,-4.9413,-8.46534,-0.536266
4636.96,-5.01791,-8.38873,-1.26405
4637.06,-6.20536,-8.04398,-1.45558
4637.17,-6.58841,-7.3545,-1.45558
4637.27,-7.20128,-7.04806,-1.22575
4637.38,-2.94946,-6.5501,-0.612875
4637.48,-7.58433,-3.94538,-0.995922
4637.58,-8.81008,-5.24774,-1.45558
4637.68,-5.89892,-7.66094,-2.10676
4637.79,-4.71148,-8.08229,-2.79624
4637.89,-4.67317,-8.81008,-2.52811
4637.99,-4.44334,-8.84838,-1.99184
4638.10,-7.12467,-6.5501,-1.26405
4638.20,-4.40504,-12.1426,-1.45558
4638.30,-4.86469,-8.27381,-0.497961
4638.41,-4.44334,-8.61855,-0.689484
4638.51,-4.44334,-8.50364,-0.497961
4638.62,-4.59656,-8.58025,-0.229828
4638.72,-4.55826,-8.50364,-0.344742
4638.82,-4.29012,-8.58025,0.0
4638.93,-4.63487,-8.54194,-0.306437
4639.03,-4.71148,-8.38873,-0.0766094
4639.13,-4.78809,-8.31211,-0.153219
4639.23,-5.05622,-8.46534,0.0383047
4639.34,-5.43926,-7.96737,-0.383047
4639.44,-5.51587,-7.96737,-0.383047
4639.55,-5.97553,-7.92907,-0.421352
4639.66,-6.39688,-6.81823,-0.57457
4639.76,-6.70332,-6.74162,-0.459656
4639.87,-7.43111,-6.5118,-0.727789
4639.97,-7.62263,-7.00976,-0.114914
4640.07,-3.21759,-8.27381,-1.26405
4640.18,-5.78401,-7.16298,-1.30236
4640.28,-6.66501,-8.31211,-2.03015
4640.38,-6.89484,-8.1972,-1.45558
4640.49,-7.23959,-7.58433,-0.957617
4640.59,-9.38465,-4.86469,-0.57457
4640.69,-3.79216,-9.03991,-1.76202
4640.80,-4.0603,-8.69516,-0.383047
4640.90,-4.29012,-8.73347,-0.957617
4641.00,-3.94538,-8.65686,-0.153219
4641.11,-4.25182,-8.69516,-0.268133
4641.21,-4.17521,-8.46534,0.0
4641.31,-4.51995,-8.46534,-0.153219
4641.42,-4.63487,-8.46534,0.0
4641.52,-4.71148,-8.46534,-0.191523
4641.63,-4.74978,-8.38873,-0.268133
4641.73,-4.17521,-8.65686,0.344742
4641.83,-4.17521,-8.42703,-0.689484
4641.93,-5.86062,-7.89076,-1.22575
4642.04,-5.89892,-7.16298,-1.41727
4642.14,-6.66501,-6.85654,-1.6471
4642.25,-7.85246,-5.40096,0.0
4642.35,-3.90708,-6.97145,-0.689484
4642.45,-6.16705,-8.27381,-1.49388
4642.55,-5.93723,-8.92499,-2.4515
4642.66,-6.28197,-8.96329,-2.68133
4642.76,-8.04398,-6.97145,-1.14914
4642.87,-8.35042,-5.13283,-1.34066
4642.97,-14.1727,-5.40096,-3.17929
4643.07,-5.43926,-8.08229,1.80032
4643.17,-3.79216,-8.88668,0.0
4643.28,-3.67725,-9.0016,0.421352
4643.38,-3.67725,-8.92499,0.191523
4643.49,-3.86877,-8.84838,0.153219
4643.59,-4.0986,-8.81008,-0.191523
4643.70,-4.13691,-8.61855,0.229828
4643.80,-4.21351,-8.58025,0.0
4643.91,-4.67317,-8.50364,-0.383047
4644.01,-4.78809,-8.54194,-0.306437
4644.11,-5.36266,-8.61855,-0.612875
4644.22,-5.17113,-8.61855,-0.766094
4644.32,-5.28605,-7.89076,-0.919312
4644.42,-5.97553,-7.54602,-0.995922
4644.53,-6.47349,-7.3928,-1.30236
4644.63,-0.766094,-9.11651,-0.842703
4644.73,-5.32435,-6.47349,-0.65118
4644.84,-6.43519,-7.92907,-2.06845
4644.94,-6.93315,-7.96737,-1.68541
4645.04,-6.5501,-8.73347,-0.57457
4645.15,-8.84838,-5.55418,-1.34066
4645.25,-5.28605,-9.53786,-2.33659
4645.35,-3.17929,-8.77177,0.0383047
4645.46,-3.52403,-8.61855,-0.842703
4645.56,-4.0986,-8.84838,-0.268133
4645.67,-4.17521,-8.69516,-0.268133
4645.77,-3.83047,-8.81008,0.153219
4645.87,-4.13691,-8.65686,-0.114914
4645.97,-4.32843,-8.61855,0.0
4646.08,-4.17521,-8.50364,0.0383047
4646.18,-4.51995,-8.50364,-0.229828
4646.29,-4.82639,-8.35042,0.0383047
4646.39,-5.24774,-7.96737,-0.421352
4646.49,-5.86062,-8.61855,-0.191523
4646.59,-7.31619,-6.16705,-1.72371
4646.70,-6.77993,-7.27789,-0.306437
4646.80,-7.3545,-8.96329,-0.995922
4646.90,-2.4515,-7.23959,-0.957617
4647.01,-5.55418,-7.16298,-1.41727
4647.11,-8.04398,-8.27381,-2.29828
4647.22,-9.23143,-7.3545,-1.18745
4647.33,-10.9551,-4.02199,-0.995922
4647.43,-3.90708,-8.65686,0.114914
4647.54,-4.44334,-8.61855,-1.14914
4647.64,-4.32843,-8.61855,-0.766094
4647.74,-4.13691,-8.65686,-0.804398
4647.84,-4.25182,-8.73347,-0.727789
4647.95,-4.32843,-8.50364,-0.727789
4648.05,-4.40504,-8.61855,-0.229828
4648.15,-4.48165,-8.50364,-0.306437
4648.26,-4.44334,-8.46534,0.0
4648.36,-4.82639,-8.46534,-0.344742
4648.46,-5.01791,-8.54194,-0.306437
4648.57,-5.01791,-8.35042,0.306437
4648.67,-6.05214,-8.81008,-0.383047
4648.78,-6.35858,-7.31619,-0.497961
4648.88,-6.85654,-7.23959,-0.191523
4648.98,-7.58433,-7.12467,0.497961
4649.09,-3.56234,-7.3545,-1.11084
4649.19,-3.48573,-6.62671,-1.30236
4649.29,-7.62263,-8.61855,-1.37897
4649.40,-8.46534,-7.50772,-1.45558
4649.50,-7.85246,-6.5501,-1.83862
4649.60,-1.22575,-14.9388,-2.64302
4649.71,-3.86877,-8.77177,-0.229828
4649.81,-4.44334,-8.77177,-0.689484
4649.92,-3.56234,-8.81008,-0.114914
4650.02,-3.98369,-8.58025,-0.153219
4650.12,-4.02199,-8.84838,-0.497961
4650.23,-4.36673,-8.54194,-0.306437
4650.33,-4.36673,-8.54194,-0.383047
4650.43,-4.29012,-8.54194,-0.0766094
4650.54,-4.29012,-8.38873,-0.268133
4650.64,-4.59656,-8.46534,-0.191523
4650.74,-4.67317,-8.46534,-0.421352
4650.85,-4.02199,-8.92499,0.536266
4650.95,-4.78809,-8.84838,-0.57457
4651.06,-5.7457,-8.58025,-1.03423
4651.17,-5.7457,-7.73755,-0.344742
4651.27,-6.28197,-6.20536,-0.191523
4651.37,-4.55826,-5.93723,-1.68541
4651.48,-6.70332,-6.66501,-3.14098
4651.58,-6.62671,-6.74162,-5.13283
4651.68,-5.40096,-7.46941,-4.67317
4651.79,-5.28605,-8.23551,-3.44742
4651.89,-3.48573,-8.61855,-2.94946
4652.00,-4.17521,-8.27381,-1.95354
4652.10,-4.55826,-7.85246,-1.72371
4652.20,-5.05622,-6.85654,-2.29828
4652.30,-4.32843,-8.73347,-1.95354
4652.41,-4.67317,-8.46534,-2.03015
4652.65,-5.05622,-8.1972,-0.804398
4652.76,-4.71148,-8.46534,-0.804398
4652.86,-4.9413,-8.04398,-0.65118
4652.96,-5.09452,-8.1589,-0.881008
4653.07,-4.903,-8.1589,-0.727789
4653.17,-5.28605,-8.1589,-1.14914
4653.27,-5.32435,-8.00568,-0.57457
4653.38,-4.903,-8.12059,-0.766094
4653.48,-5.59248,-8.92499,-1.03423
4653.58,-5.66909,-7.77585,-1.18745
4653.69,-6.47349,-6.85654,-0.727789
4653.79,-6.81823,-8.1972,-0.344742
4653.89,-2.91116,-8.65686,-1.49388
4654.00,-2.83455,-7.08637,-3.83047
4654.10,-5.55418,-8.50364,-4.29012
4654.21,-5.55418,-8.73347,-3.71555
4654.31,-7.62263,-7.31619,-2.22167
4654.41,-8.04398,-5.51587,-0.842703
4654.51,-5.7074,-8.65686,-0.536266
4654.62,-4.40504,-8.54194,-1.18745
4654.72,-4.59656,-8.46534,-0.995922
4654.83,-4.74978,-8.38873,-0.881008
4654.94,-4.74978,-8.31211,-0.612875
4655.04,-4.74978,-8.1972,-0.459656
4655.14,-4.82639,-8.23551,-0.459656
4655.25,-4.86469,-8.1589,-0.383047
4655.35,-5.05622,-8.23551,-0.536266
4655.46,-5.17113,-8.1972,-0.306437
4655.56,-5.43926,-8.69516,-0.727789
4655.66,-5.86062,-8.27381,-1.83862
4655.77,-6.66501,-6.43519,-1.34066
4655.87,-7.3928,-6.05214,-0.881008
4655.97,-7.58433,-6.12875,-0.0383047
4656.08,-5.05622,-7.08637,-1.07253
4656.18,-5.40096,-7.3545,-2.37489
4656.28,-7.04806,-8.00568,-3.14098
4656.39,-7.16298,-7.69924,-2.25998
4656.49,-6.89484,-7.27789,-1.53219
4656.59,-9.72939,-4.55826,-1.76202
4656.70,-5.93723,-8.1589,-0.383047
4656.80,-5.32435,-8.46534,-1.68541
4656.90,-4.71148,-8.23551,-0.881008
4657.01,-4.82639,-8.58025,-0.919312
4657.11,-4.51995,-8.46534,-0.766094
4657.21,-4.63487,-8.46534,-0.57457
4657.32,-4.82639,-8.42703,-0.497961
4657.42,-4.74978,-8.35042,-0.344742
4657.52,-4.78809,-8.31211,-0.229828
4657.63,-4.86469,-8.27381,-0.497961
4657.73,-4.9413,-8.31211,-0.383047
4657.83,-4.86469,-8.31211,-0.306437
4657.94,-5.24774,-8.27381,-0.497961
4658.04,-5.36266,-8.1972,-0.727789
4658.14,-5.82231,-7.58433,-1.03423
4658.25,-7.00976,-6.66501,-0.536266
4658.35,-7.16298,-6.74162,-0.191523
4658.46,-8.58025,-6.24366,-0.689484
4658.56,-4.40504,-6.24366,-2.18337
4658.67,-5.28605,-6.93315,-1.95354
4658.77,-7.89076,-8.04398,-1.83862
4658.88,-7.73755,-8.46534,-1.11084
4658.98,-8.08229,-7.04806,-1.53219
4659.08,-7.92907,-3.06437,-1.80032
4659.19,-7.77585,-7.85246,-0.0383047
4659.29,-4.67317,-8.50364,-1.22575
4659.39,-4.25182,-8.61855,-0.689484
4659.50,-4.40504,-8.65686,-0.842703
4659.60,-4.36673,-8.46534,-0.842703
4659.71,-4.74978,-8.38873,-0.536266
4659.81,-4.55826,-8.58025,-0.306437
4659.91,-4.67317,-8.42703,-0.421352
4660.02,-4.55826,-8.31211,-0.0383047
4660.12,-4.67317,-8.46534,-0.268133
4660.22,-4.74978,-8.42703,-0.459656
4660.33,-4.74978,-8.38873,-0.191523
4660.43,-5.20944,-8.58025,-0.612875
4660.54,-5.51587,-7.81416,-1.03423
4660.64,-5.89892,-7.73755,-1.07253
4660.74,-5.89892,-7.08637,-0.689484
4660.84,-6.47349,-6.93315,-1.18745
4660.95,-7.46941,-7.85246,-0.229828
4661.05,-3.90708,-6.32027,-0.957617
4661.16,-3.79216,-5.01791,-1.07253
4661.26,-8.12059,-7.27789,-1.53219
4661.36,-8.12059,-7.73755,-1.68541
4661.46,-8.84838,-6.70332,-1.91523
4661.57,-10.8785,-5.24774,-1.22575
4661.67,-4.21351,-8.81008,-1.91523
4661.77,-4.67317,-8.46534,-1.07253
4661.88,-4.67317,-8.58025,-0.497961
4661.98,-4.55826,-8.54194,-0.881008
4662.08,-4.55826,-8.61855,-0.766094
4662.19,-4.86469,-8.42703,-0.689484
4662.29,-4.67317,-8.46534,-0.536266
4662.39,-4.71148,-8.46534,-0.306437
4662.51,-4.51995,-8.42703,-0.114914
4662.61,-4.55826,-8.58025,-0.229828
4662.71,-4.59656,-8.38873,-0.306437
4662.82,-4.74978,-8.38873,-0.191523
4662.92,-4.9413,-8.58025,-0.459656
4663.02,-5.63079,-8.23551,-1.34066
4663.13,-6.12875,-7.20128,-1.26405
4663.23,-6.93315,-6.62671,-0.689484
4663.33,-7.12467,-7.27789,-0.766094
4663.44,-7.00976,-6.70332,-1.03423
4663.54,-7.89076,-7.62263,0.57457
4663.64,-3.83047,-6.5118,-2.10676
4663.75,-6.97145,-7.96737,-2.4898
4663.85,-9.03991,-8.38873,-1.45558
4663.96,-12.6022,-4.82639,0.306437
4664.06,-5.20944,-8.61855,-2.87285
4664.16,-5.36266,-8.31211,-0.306437
4664.27,-4.17521,-8.58025,-0.995922
4664.37,-4.0986,-8.69516,-1.03423
4664.47,-4.40504,-8.73347,-0.689484
4664.58,-3.86877,-8.46534,-1.68541
4664.68,-4.51995,-8.38873,-0.689484
4664.78,-4.67317,-8.46534,-0.881008
4664.88,-4.74978,-8.46534,-0.57457
4664.99,-4.97961,-8.42703,-0.612875
4665.09,-4.82639,-8.31211,-0.421352
4665.20,-4.78809,-8.35042,-0.344742
4665.30,-4.9413,-8.38873,-0.191523
4665.40,-5.66909,-8.88668,-0.842703
4665.51,-5.63079,-8.50364,-1.30236
4665.61,-6.39688,-8.1972,-1.07253
4665.71,-6.28197,-8.61855,-2.25998
4665.82,-5.01791,-6.66501,-1.80032
4665.92,-6.43519,-7.92907,-1.68541
4666.02,-6.66501,-8.1972,-1.49388
4666.13,-6.32027,-8.69516,-1.22575
4666.24,-6.32027,-7.12467,-1.26405
4666.34,-7.3545,-5.82231,-1.26405
4666.45,-8.65686,-7.16298,1.34066
4666.55,-3.86877,-8.35042,-0.153219
4666.65,-4.48165,-8.77177,-1.07253
4666.76,-4.51995,-8.54194,-0.842703
4666.86,-4.40504,-8.50364,-0.612875
4666.96,-4.21351,-8.42703,-0.57457
4667.07,-4.59656,-8.58025,-0.421352
4667.17,-4.25182,-8.50364,-0.114914
4667.27,-4.67317,-8.50364,-0.268133
4667.38,-4.59656,-8.42703,-0.306437
4667.48,-4.67317,-8.35042,-0.306437
4667.58,-4.86469,-8.50364,0.306437
4667.69,-5.59248,-8.69516,-0.995922
4667.79,-5.86062,-7.85246,-0.804398
4667.89,-5.97553,-7.27789,-1.11084
4668.00,-6.85654,-8.1972,-0.766094
4668.10,-1.22575,-7.66094,-1.6471
4668.20,-4.44334,-6.93315,-2.06845
4668.31,-7.46941,-8.00568,-3.10268
4668.41,-7.62263,-8.88668,-2.03015
4668.51,-6.66501,-8.27381,-0.727789
4668.62,-6.77993,-7.46941,-1.68541
4668.72,-3.67725,-7.96737,-1.6471
4668.82,-3.17929,-8.65686,-1.30236
4668.93,-4.44334,-7.73755,-1.95354
4669.03,-3.75386,-9.34634,-0.536266
4669.13,-3.90708,-8.69516,-0.612875
4669.24,-3.94538,-8.88668,-0.153219
4669.34,-4.17521,-8.69516,-0.497961
4669.44,-4.13691,-8.69516,-0.57457
4669.55,-4.17521,-8.69516,-0.268133
4669.65,-4.36673,-8.77177,-0.497961
4669.75,-4.29012,-8.58025,-0.0383047
4669.86,-4.36673,-8.54194,0.0383047
4669.97,-4.44334,-8.42703,-0.114914
4670.07,-4.67317,-8.50364,-0.153219
4670.18,-4.9413,-8.46534,-0.344742
4670.28,-4.903,-8.58025,-0.766094
4670.38,-5.86062,-7.96737,-0.612875
4670.49,-6.5501,-7.20128,-1.34066
4670.59,-6.97145,-8.08229,-0.766094
4670.69,-6.62671,-6.85654,-0.459656
4670.80,-2.56641,-7.43111,-1.30236
4670.90,-2.68133,-7.08637,-3.52403
4671.00,-8.42703,-7.46941,-2.94946
4671.11,-8.04398,-7.20128,-1.95354
4671.21,-6.74162,-7.62263,-2.18337
4671.31,-5.09452,-7.66094,-1.45558
4671.42,2.87285,-14.9005,-0.919312
4671.52,-2.68133,-9.03991,0.0383047
4671.63,-4.21351,-8.81008,-0.268133
4671.73,-4.59656,-8.54194,-0.0383047
4671.83,-4.40504,-8.61855,-0.383047
4671.93,-4.25182,-8.69516,-0.153219
4672.04,-4.32843,-8.69516,-0.344742
4672.14,-4.44334,-8.73347,-0.191523
4672.24,-4.29012,-8.65686,-0.229828
4672.35,-4.32843,-8.46534,-0.306437
4672.45,-4.44334,-8.50364,-0.612875
4672.55,-4.25182,-8.46534,-0.459656
4672.65,-4.25182,-8.46534,-0.612875
4672.76,-4.903,-8.31211,-1.30236
4672.86,-4.44334,-8.54194,-1.53219
4672.96,-4.55826,-8.38873,-1.45558
4673.07,-4.9413,-8.81008,-2.14506
4673.17,-3.98369,-8.38873,-2.22167
4673.32,-3.86877,-7.89076,-2.52811
4673.43,-4.55826,-8.38873,-2.25998
4673.53,-4.63487,-8.54194,-2.06845
4673.63,-3.37081,-8.81008,-2.25998
4673.74,-3.44742,-8.58025,-2.25998
4673.85,-2.75794,-9.19312,-1.11084
4673.95,-5.36266,-7.96737,-1.99184
4674.25,-5.09452,-8.35042,-1.68541
4674.36,-4.55826,-8.35042,-1.30236
4674.52,-4.71148,-8.31211,-1.18745
4674.63,-4.71148,-8.31211,-1.11084
4674.73,-4.78809,-8.27381,-0.57457
4674.88,-4.78809,-8.27381,-0.536266
4674.99,-4.78809,-8.27381,-0.612875
4675.09,-5.01791,-8.23551,-0.804398
4675.19,-4.71148,-8.12059,-0.689484
4675.30,-4.71148,-8.12059,-1.18745
4675.40,-5.63079,-8.46534,-1.76202
4675.50,-5.55418,-8.1972,-1.26405
4675.61,-6.32027,-7.89076,-1.99184
4675.71,-6.16705,-6.93315,-1.37897
4675.81,-6.62671,-7.12467,-1.22575
4675.92,-4.82639,-7.62263,-2.79624
4676.02,-5.51587,-8.31211,-3.21759
4676.13,-5.51587,-8.42703,-3.44742
4676.23,-4.97961,-8.23551,-2.4898
4676.33,-4.25182,-8.12059,-2.4898
4676.44,-3.44742,-8.42703,-1.87693
4676.54,-5.20944,-6.62671,-1.83862
4676.65,-2.52811,-9.19312,-0.57457
4676.76,-4.48165,-8.69516,-1.37897
4676.86,-4.0603,-8.77177,-0.536266
4676.96,-4.13691,-8.58025,-0.612875
4677.07,-4.40504,-8.54194,-0.881008
4677.17,-4.78809,-8.27381,-0.919312
4677.27,-4.74978,-8.27381,-0.612875
4677.38,-4.82639,-8.38873,-1.14914
4677.48,-4.74978,-8.35042,-0.842703
4677.58,-5.20944,-8.1972,-0.612875
4677.69,-4.9413,-8.35042,-0.459656
4677.79,-4.82639,-8.1972,-0.344742
4677.90,-4.82639,-8.1972,-0.497961
4678.01,-5.17113,-8.42703,-0.459656
4678.11,-5.59248,-8.58025,-0.804398
4678.21,-6.12875,-7.3928,-0.957617
4678.32,-6.93315,-7.00976,-1.26405
4678.42,-6.81823,-7.16298,-1.49388
4678.52,-2.75794,-7.12467,-2.33659
4678.63,-7.08637,-6.43519,-2.71963
4678.73,-7.00976,-7.73755,-2.52811
4678.83,-6.39688,-8.1589,-1.99184
4678.94,-6.35858,-8.12059,-1.45558
4679.04,-6.01384,-7.77585,-1.87693
4679.14,-6.97145,-6.24366,-1.30236
4679.25,-7.04806,-9.15482,-0.766094
4679.35,-3.98369,-8.73347,-0.344742
4679.46,-3.86877,-8.46534,-1.26405
4679.56,-4.32843,-8.50364,-1.11084
4679.66,-4.59656,-8.35042,-0.612875
4679.77,-4.13691,-8.38873,-0.268133
4679.87,-4.51995,-8.42703,-0.383047
4679.97,-3.52403,-8.27381,-0.0766094
4680.08,-4.36673,-8.58025,-0.268133
4680.18,-4.44334,-8.38873,-0.0766094
4680.28,-4.71148,-8.54194,0.229828
4680.38,-4.63487,-8.31211,-0.153219
4680.49,-4.82639,-8.1589,-0.191523
4680.59,-4.9413,-8.23551,-0.383047
4680.70,-5.32435,-8.1589,-0.459656
4680.80,-5.43926,-8.46534,-0.421352
4680.90,-6.05214,-7.69924,-1.22575
4681.01,-6.20536,-6.93315,-1.18745
4681.11,-6.62671,-7.43111,-0.727789
4681.21,-7.08637,-7.81416,-1.03423
4681.32,-1.83862,-8.42703,-1.53219
4681.42,-4.63487,-6.77993,-1.45558
4681.52,-4.82639,-7.62263,-2.83455
4681.63,-8.00568,-7.46941,-2.10676
4681.74,-5.7074,-7.81416,-2.68133
4681.84,-5.20944,-7.92907,-1.34066
4681.95,-5.59248,-7.16298,-1.37897
4682.05,-5.93723,-7.77585,-2.29828
4682.15,-4.0603,-8.77177,-0.766094
4682.26,-4.21351,-8.35042,-0.536266
4682.36,-4.40504,-8.50364,-0.497961
4682.46,-4.51995,-8.46534,-0.766094
4682.57,-4.63487,-8.58025,-0.57457
4682.67,-4.63487,-8.46534,-0.421352
4682.77,-4.51995,-8.42703,0.114914
4682.88,-4.74978,-8.38873,-0.191523
4682.98,-4.71148,-8.42703,-0.114914
4683.08,-4.51995,-8.31211,-0.114914
4683.19,-4.67317,-8.31211,-0.383047
4683.29,-4.97961,-8.31211,-0.153219
4683.39,-5.13283,-8.73347,-0.191523
4683.50,-5.82231,-7.58433,-0.383047
4683.60,-6.28197,-7.46941,-0.383047
4683.71,-6.93315,-6.62671,-0.612875
4683.81,-7.54602,-6.05214,-0.65118
4683.91,-7.3545,-7.46941,0.459656
4684.02,-7.31619,-7.85246,-0.421352
4684.12,-4.02199,-7.66094,-0.995922
4684.22,-3.67725,-8.73347,-1.49388
4684.33,-10.2273,-7.3545,-2.79624
4684.43,-11.9511,-4.44334,-1.95354
4684.53,0.459656,-11.0317,-1.6088
4684.63,-4.0986,-8.92499,-0.612875
4684.74,-4.13691,-8.69516,-0.153219
4684.84,-3.63894,-8.84838,-0.727789
4684.94,-4.0603,-8.84838,-0.268133
4685.05,-4.25182,-8.58025,-0.306437
4685.15,-4.25182,-8.65686,-0.229828
4685.26,-4.25182,-8.46534,0.114914
4685.36,-4.40504,-8.35042,0.153219
4685.47,-4.44334,-8.61855,0.0383047
4685.57,-4.74978,-8.35042,0.0
4685.68,-4.67317,-8.35042,-0.114914
4685.78,-4.74978,-8.42703,-0.191523
4685.88,-4.9413,-8.38873,-0.497961
4685.99,-5.05622,-8.50364,-0.689484
4686.09,-5.55418,-8.46534,-0.881008
4686.19,-5.97553,-7.62263,-1.18745
4686.29,-7.20128,-8.38873,-1.72371
4686.40,-4.17521,-7.73755,-0.306437
4686.50,-2.33659,-7.62263,-0.881008
4686.61,-6.85654,-8.73347,-2.03015
4686.71,-7.54602,-9.0016,-2.71963
4686.81,-7.62263,-4.32843,-1.99184
4686.92,-11.4914,-7.77585,0.0
4687.02,-4.903,-8.50364,-2.03015
4687.13,-5.05622,-8.08229,-1.34066
4687.23,-4.97961,-8.1972,-1.30236
4687.33,-4.32843,-8.46534,-0.612875
4687.44,-4.67317,-8.42703,-0.536266
4687.54,-4.71148,-8.38873,-0.766094
4687.64,-4.82639,-8.27381,-0.459656
4687.75,-4.903,-8.27381,-0.881008
4687.85,-4.97961,-8.1972,-0.497961
4687.95,-4.82639,-8.23551,-0.229828
4688.06,-5.09452,-8.23551,-0.421352
4688.16,-5.09452,-8.81008,0.153219
4688.26,-4.02199,-8.46534,-0.229828
4688.37,-6.16705,-7.46941,-1.26405
4688.47,-7.23959,-5.86062,-1.6088
4688.57,-7.3545,-6.85654,0.0
4688.68,-3.63894,-8.00568,-0.804398
4688.78,-5.82231,-6.93315,-1.76202
4688.88,-6.12875,-7.50772,-2.14506
4688.99,-7.20128,-7.89076,-1.76202
4689.09,-6.81823,-8.1972,-1.45558
4689.19,-7.54602,-6.81823,-0.881008
4689.30,-6.24366,-6.70332,-1.22575
4689.41,-4.71148,-9.38465,0.153219
4689.51,-3.56234,-8.69516,-0.727789
4689.62,-4.40504,-8.58025,-0.421352
4689.72,-4.13691,-8.61855,-0.191523
4689.82,-4.21351,-8.88668,-0.536266
4689.93,-4.40504,-8.58025,-0.306437
4690.03,-4.44334,-8.54194,0.306437
4690.13,-4.86469,-8.35042,0.0766094
4690.24,-4.78809,-8.38873,0.153219
4690.34,-4.82639,-8.38873,0.153219
4690.44,-5.05622,-8.42703,-0.0383047
4690.55,-5.40096,-7.96737,-0.344742
4690.65,-5.63079,-8.12059,0.268133
4690.75,-5.51587,-6.09044,-2.10676
4690.86,-6.77993,-7.08637,-0.881008
4690.96,-7.16298,-7.96737,-0.153219
4691.06,-2.79624,-7.3545,-1.6088
4691.17,-6.09044,-7.04806,-1.11084
4691.27,-7.27789,-8.1972,-1.49388
4691.38,-7.12467,-8.35042,-1.72371
4691.48,-7.12467,-7.16298,-1.22575
4691.58,-8.1972,-5.7074,-0.919312
4691.69,-6.32027,-8.50364,-3.17929
4691.79,-3.83047,-8.65686,-0.421352
4691.89,-4.17521,-8.77177,-0.919312
4692.00,-4.21351,-8.65686,-0.65118
4692.10,-4.32843,-8.50364,-0.153219
4692.21,-4.02199,-8.61855,0.0766094
4692.31,-4.40504,-8.54194,-0.0383047
4692.41,-4.25182,-8.58025,0.0766094
4692.51,-4.59656,-8.61855,0.191523
4692.62,-4.59656,-8.54194,0.191523
4692.72,-4.78809,-8.50364,-0.0383047
4692.82,-4.86469,-8.35042,0.0766094
4692.93,-5.05622,-8.38873,-0.114914
4693.04,-5.13283,-8.65686,-0.0383047
4693.14,-5.01791,-8.35042,-0.268133
4693.25,-5.93723,-7.69924,-0.306437
4693.35,-6.5118,-7.3928,-0.804398
4693.45,-7.00976,-7.81416,-0.268133
4693.55,-6.20536,-6.85654,0.0
4693.66,-5.78401,-7.69924,-1.41727
4693.76,-3.06437,-7.23959,-2.52811
4693.87,-7.58433,-7.66094,-2.03015
4693.97,-6.47349,-8.00568,-1.49388
4694.07,-6.43519,-7.92907,-1.22575
4694.17,-5.59248,-7.20128,-1.57049
4694.28,1.26405,-10.8019,-1.68541
4694.38,-0.804398,-8.77177,-0.421352
4694.48,-4.36673,-8.69516,-0.804398
4694.59,-4.25182,-8.73347,-0.459656
4694.69,-4.17521,-8.73347,-0.229828
4694.79,-4.51995,-8.58025,-0.536266
4694.90,-4.32843,-8.54194,-0.497961
4695.00,-4.55826,-8.54194,-0.268133
4695.11,-4.74978,-8.46534,-0.191523
4695.21,-4.74978,-8.50364,-0.191523
4695.31,-4.63487,-8.50364,-0.191523
4695.42,-4.71148,-8.35042,0.191523
4695.52,-4.903,-8.38873,-0.114914
4695.62,-4.86469,-8.31211,0.0383047
4695.73,-4.0603,-9.07821,0.842703
4695.83,-5.05622,-8.38873,0.0766094
4695.94,-5.05622,-8.31211,-0.383047
4696.04,-5.55418,-7.92907,-0.114914
4696.15,-6.28197,-7.27789,-0.153219
4696.25,-6.39688,-8.1972,0.191523
4696.36,-7.3928,-4.67317,-0.536266
4696.46,-7.04806,-2.75794,1.72371
4696.56,-6.93315,-5.13283,-0.842703
4696.67,-7.00976,-6.74162,-3.67725
4696.78,-6.81823,-6.5118,-5.36266
4697.32,-6.47349,-6.16705,-1.68541
4697.43,-6.93315,-7.46941,-2.91116
4697.53,-4.97961,-7.96737,-2.06845
4697.98,-4.67317,-8.1972,-1.57049
4698.08,-4.86469,-8.27381,-1.57049
4698.19,-4.82639,-8.1589,-1.30236
4698.29,-5.05622,-8.04398,-1.07253
4698.39,-6.62671,-8.77177,-0.804398
4698.50,-4.97961,-8.12059,-0.842703
4698.60,-5.09452,-8.1589,-0.957617
4698.71,-5.09452,-8.08229,-0.995922
4698.81,-5.13283,-8.27381,-1.37897
4698.91,-5.05622,-9.03991,-1.11084
4699.02,-5.93723,-8.27381,-1.6471
4699.12,-6.32027,-7.46941,-1.80032
4699.22,-6.47349,-6.39688,-0.383047
4699.33,-5.20944,-6.12875,1.72371
4699.43,-4.17521,-8.00568,-1.91523
4699.53,-4.63487,-7.92907,-4.25182
4699.64,-4.82639,-9.03991,-4.0986
4699.74,-4.29012,-8.84838,-2.71963
4699.84,-4.44334,-8.42703,-2.22167
4699.95,-5.05622,-7.66094,-1.76202
4700.05,-6.97145,-5.78401,-1.34066
4700.15,-6.97145,-8.58025,0.229828
4700.26,-4.02199,-8.88668,-0.497961
4700.36,-3.86877,-8.88668,-0.383047
4700.46,-4.25182,-8.73347,-0.229828
4700.57,-4.21351,-8.73347,-0.0383047
4700.67,-4.17521,-8.50364,0.383047
4700.78,-4.55826,-8.58025,0.0
4700.88,-4.40504,-8.35042,0.229828
4700.98,-4.82639,-8.42703,0.0383047
4701.09,-4.63487,-8.61855,0.0766094
4701.19,-4.74978,-8.38873,-0.0383047
4701.29,-4.903,-8.31211,-0.153219
4701.41,-4.67317,-8.54194,0.612875
4701.51,-5.17113,-8.23551,-0.497961
4701.61,-5.20944,-8.27381,-0.344742
4701.71,-5.66909,-8.08229,-0.459656
4701.82,-6.32027,-7.3545,-1.53219
4701.92,-6.77993,-7.54602,-0.727789
4702.03,-7.58433,-6.05214,-1.91523
4702.13,-1.95354,-8.65686,-1.11084
4702.23,-4.9413,-6.89484,-1.07253
4702.34,-4.97961,-8.00568,-1.76202
4702.44,-6.28197,-7.92907,-2.25998
4702.54,-7.96737,-8.12059,-1.53219
4702.65,-9.8443,-5.24774,-0.65118
4702.75,-5.32435,-8.54194,-0.842703
4702.85,-5.09452,-8.27381,-1.11084
4702.96,-4.40504,-8.54194,-0.919312
4703.06,-4.40504,-8.65686,-0.459656
4703.17,-4.55826,-8.42703,-0.881008
4703.27,-4.32843,-8.58025,-0.459656
4703.37,-4.0603,-8.73347,-0.0383047
4703.47,-4.29012,-8.73347,-0.153219
4703.58,-4.36673,-8.65686,-0.268133
4703.68,-4.40504,-8.50364,-0.114914
4703.79,-4.63487,-8.46534,-0.306437
4703.89,-4.903,-8.42703,-0.268133
4703.99,-5.17113,-8.69516,-0.0383047
4704.10,-5.40096,-7.89076,-0.497961
4704.20,-5.7074,-7.92907,-0.65118
4704.30,-6.35858,-7.54602,-0.919312
4704.41,-6.97145,-8.69516,-1.45558
4704.51,-7.00976,-7.73755,-1.26405
4704.61,-0.65118,-7.3545,-1.34066
4704.72,-4.29012,-7.46941,-2.91116
4704.82,-6.77993,-7.77585,-2.22167
4704.93,-6.58841,-7.81416,-2.18337
4705.03,-9.46126,-5.17113,-0.919312
4705.14,-4.74978,-8.38873,-1.57049
4705.25,-3.98369,-8.58025,-0.766094
4705.35,-3.94538,-8.65686,-0.919312
4705.45,-4.17521,-8.61855,-0.919312
4705.55,-4.0603,-8.54194,-0.842703
4705.66,-4.36673,-8.65686,-0.881008
4705.76,-4.44334,-8.54194,-0.689484
4705.87,-4.51995,-8.46534,-0.804398
4705.97,-4.36673,-8.50364,-0.344742
4706.07,-4.25182,-8.69516,-0.421352
4706.18,-4.63487,-8.35042,-0.459656
4706.28,-4.71148,-8.35042,-0.421352
4706.38,-4.86469,-8.27381,-0.497961
4706.49,-4.97961,-8.27381,-0.57457
4706.59,-4.903,-8.38873,-1.03423
4706.69,-5.01791,-8.77177,-1.53219
4706.80,-6.66501,-7.20128,-2.03015
4706.90,-6.62671,-7.12467,-0.957617
4707.00,-2.18337,-8.23551,-1.18745
4707.11,-5.66909,-7.00976,-1.76202
4707.21,-6.97145,-8.1589,-2.83455
4707.31,-6.74162,-7.69924,-2.4515
4707.42,-7.27789,-7.04806,-2.22167
4707.52,-7.12467,-6.24366,-1.76202
4707.63,-5.32435,-8.84838,-1.91523
4707.73,-3.75386,-8.73347,-0.344742
4707.83,-4.21351,-8.73347,-1.11084
4707.93,-4.0986,-8.58025,-0.881008
4708.04,-4.25182,-8.50364,-0.497961
4708.14,-4.55826,-8.38873,-0.842703
4708.25,-4.51995,-8.50364,-1.03423
4708.35,-4.32843,-8.50364,-0.421352
4708.45,-4.59656,-8.58025,-0.612875
4708.55,-4.74978,-8.46534,-0.344742
4708.66,-4.67317,-8.35042,-0.229828
4708.76,-4.9413,-8.31211,-0.421352
4708.87,-5.17113,-8.31211,-0.421352
4708.98,-5.01791,-8.46534,-0.689484
4709.08,-5.47757,-7.66094,-0.57457
4709.18,-6.01384,-8.00568,-0.421352
4709.29,-6.62671,-7.62263,-0.842703
4709.39,-6.62671,-7.81416,-0.727789
4709.50,-0.881008,-9.07821,-1.11084
4709.60,-4.0986,-6.93315,-1.11084
4709.70,-6.74162,-8.00568,-1.87693
4709.80,-8.27381,-8.42703,-1.72371
4709.91,-8.08229,-6.93315,-1.6471
4710.01,-8.1972,-4.59656,-1.22575
4710.12,-4.78809,-8.73347,-0.65118
4710.22,-4.63487,-8.61855,-1.03423
4710.32,-4.48165,-8.31211,-0.727789
4710.42,-4.71148,-8.54194,-1.30236
4710.53,-4.71148,-8.27381,-0.612875
4710.63,-4.55826,-8.35042,-0.459656
4710.73,-4.78809,-8.31211,-0.65118
4710.84,-4.63487,-8.27381,-0.153219
4710.94,-4.59656,-8.46534,-0.383047
4711.04,-4.78809,-8.38873,-0.0766094
4711.15,-4.903,-8.04398,-0.383047
4711.25,-5.01791,-8.1589,-0.497961
4711.35,-5.32435,-8.35042,-0.536266
4711.46,-5.47757,-8.46534,-0.689484
4711.56,-6.05214,-7.89076,-0.881008
4711.67,-6.47349,-6.89484,-1.07253
4711.77,-6.5501,-7.12467,-0.727789
4711.87,-7.12467,-7.27789,-0.881008
4711.97,-1.91523,-7.50772,-1.34066
4712.08,-7.46941,-7.00976,-2.29828
4712.18,-8.04398,-7.89076,-2.52811
4712.29,-7.31619,-7.46941,-1.57049
4712.39,-6.35858,-7.54602,-1.83862
4712.49,-7.66094,-5.7457,-0.995922
4712.60,9.8443,-12.5639,-2.60472
4712.71,6.24366,-9.03991,-0.57457
4712.81,-4.0986,-8.73347,-0.995922
4712.92,-4.51995,-8.61855,-1.26405
4713.02,-3.94538,-8.54194,-0.344742
4713.12,-4.36673,-8.65686,-0.459656
4713.22,-4.40504,-8.69516,-0.497961
4713.33,-4.51995,-8.50364,-0.919312
4713.43,-4.40504,-8.54194,-0.497961
4713.54,-4.40504,-8.50364,-0.497961
4713.64,-4.63487,-8.1589,-0.344742
4713.74,-4.48165,-8.23551,-0.0766094
4713.84,-5.17113,-8.73347,-1.26405
4713.95,-5.7457,-8.73347,-1.11084
4714.05,-6.5118,-7.66094,-1.83862
4714.15,-7.08637,-7.31619,-1.53219
4714.26,-4.02199,-6.05214,-0.57457
4714.36,-6.32027,-5.32435,-0.727789
4714.46,-6.47349,-7.3928,-1.76202
4714.57,-5.55418,-7.58433,-3.37081
4714.67,-5.93723,-8.77177,-1.99184
4714.78,-8.1589,-7.58433,-1.80032
4714.88,-6.39688,-6.74162,-0.57457
4714.98,-2.52811,-9.69109,-0.957617
4715.09,-4.0986,-8.88668,-0.995922
4715.19,-3.94538,-8.69516,-1.49388
4715.29,-4.17521,-8.54194,-0.459656
4715.40,-4.59656,-8.65686,-0.957617
4715.50,-4.44334,-8.50364,-0.421352
4715.61,-4.40504,-8.61855,-0.57457
4715.71,-4.40504,-8.65686,-0.497961
4715.81,-4.48165,-8.50364,-0.229828
4715.92,-4.55826,-8.58025,-0.421352
4716.02,-4.48165,-8.50364,-0.191523
4716.12,-4.63487,-8.38873,-0.306437
4716.22,-4.59656,-8.38873,-0.383047
4716.33,-4.78809,-8.27381,-0.689484
4716.44,-4.903,-8.54194,-0.0383047
4716.54,-5.43926,-8.61855,-1.14914
4716.65,-6.01384,-8.12059,-1.83862
4716.75,-6.47349,-7.92907,-2.06845
4716.85,-6.93315,-6.05214,-1.49388
4716.96,-4.44334,-6.35858,-0.65118
4717.06,-5.59248,-7.08637,-1.07253
4717.16,-6.24366,-8.12059,-2.52811
4717.27,-5.43926,-9.0016,-2.29828
4717.37,-6.47349,-8.69516,-1.6471
4717.47,-6.58841,-7.16298,-1.6088
4717.58,-5.01791,-7.50772,-1.22575
4717.68,12.3724,-22.4082,-2.71963
4717.79,-4.21351,-8.81008,0.383047
4717.89,-4.25182,-8.88668,-1.30236
4717.99,-3.79216,-8.88668,-0.689484
4718.09,-4.25182,-8.84838,-0.919312
4718.20,-4.02199,-8.69516,-0.727789
4718.30,-4.0603,-8.81008,-0.459656
4718.40,-4.0603,-8.69516,-0.344742
4718.51,-3.98369,-8.50364,-0.153219
4718.61,-4.13691,-8.65686,0.191523
4718.72,-4.17521,-8.65686,-0.229828
4718.82,-4.29012,-8.61855,-0.383047
4718.92,-4.29012,-8.50364,-0.536266
4719.03,-4.36673,-8.58025,-0.344742
4719.13,-4.29012,-8.54194,-0.306437
4719.23,-4.59656,-8.46534,-0.57457
4719.34,-4.36673,-8.46534,-0.421352
4719.44,-4.40504,-8.69516,-0.842703
4719.88,-4.63487,-6.20536,-0.842703
4719.98,-5.93723,-6.39688,-0.727789
4720.09,-5.01791,-7.27789,-1.6471
4720.19,-5.20944,-7.08637,-2.87285
4720.29,-5.09452,-7.50772,-4.44334
4720.40,-5.13283,-7.73755,-3.90708
4720.50,-4.63487,-7.89076,-2.06845
4720.78,-4.40504,-8.1972,-2.29828
4720.88,-4.32843,-8.35042,-1.80032
4720.99,-4.40504,-8.46534,-1.80032
4721.09,-4.44334,-8.38873,-1.45558
4721.20,-4.55826,-8.46534,-0.842703
4721.30,-4.48165,-8.54194,-1.14914
4721.40,-4.67317,-8.46534,-0.919312
4721.50,-4.48165,-8.54194,-0.881008
4721.61,-4.25182,-8.50364,0.0766094
4721.71,-4.17521,-8.54194,-0.191523
4721.82,-4.32843,-8.61855,-0.114914
4721.92,-4.25182,-8.73347,-0.0766094
4722.02,-4.48165,-8.58025,-0.114914
4722.13,-4.17521,-8.77177,0.421352
4722.23,-4.25182,-8.54194,0.536266
4722.33,-5.09452,-8.77177,0.497961
4722.44,-5.32435,-8.58025,1.57049
4722.54,-5.28605,-9.61448,2.79624
4722.64,-6.39688,-6.24366,-0.344742
4722.75,-4.97961,-7.04806,-0.612875
4722.85,-4.51995,-7.27789,-2.06845
4722.96,-4.86469,-7.92907,-3.86877
4723.06,-7.54602,-8.96329,-2.75794
4723.16,-7.43111,-7.46941,-2.94946
4723.26,-7.3545,-6.09044,-0.344742
4723.37,-8.00568,-7.96737,-1.49388
4723.47,-9.92091,-8.42703,-0.306437
4723.57,-4.29012,-8.65686,-1.80032
4723.68,-3.94538,-8.77177,-1.03423
4723.78,-4.67317,-8.69516,-0.957617
4723.88,-4.51995,-8.46534,-0.804398
4723.99,-4.67317,-8.31211,-0.383047
4724.09,-4.71148,-8.31211,-0.421352
4724.20,-4.51995,-8.42703,-0.344742
4724.30,-4.51995,-8.42703,-0.306437
4724.40,-4.97961,-8.42703,-0.459656
4724.51,-4.86469,-8.38873,-0.459656
4724.62,-5.51587,-8.73347,-0.919312
4724.72,-5.51587,-7.85246,-0.57457
4724.83,-6.20536,-6.93315,-1.07253
4724.93,-6.77993,-6.39688,-1.11084
4725.03,-7.31619,-7.20128,-0.65118
4725.13,-7.20128,-6.62671,-0.497961
4725.24,-3.75386,-6.81823,-1.26405
4725.34,-6.32027,-6.93315,-2.37489
4725.44,-7.73755,-7.50772,-2.87285
4725.55,-6.74162,-7.58433,-2.29828
4725.65,-8.92499,-5.13283,-1.6088
4725.76,-1.49388,-9.8443,-1.68541
4725.86,-4.36673,-8.35042,-1.91523
4725.96,-4.78809,-8.42703,-1.30236
4726.07,-4.903,-8.27381,-1.34066
4726.17,-4.9413,-8.35042,-0.766094
4726.27,-5.05622,-8.1589,-0.881008
4726.38,-4.9413,-8.23551,-0.842703
4726.48,-4.82639,-8.35042,-0.191523
4726.58,-4.97961,-8.04398,-0.114914
4726.69,-5.13283,-8.00568,-0.383047
4726.79,-5.01791,-7.92907,0.0383047
4726.89,-5.05622,-7.89076,-0.153219
4727.00,-5.55418,-7.92907,-0.459656
4727.10,-5.24774,-8.50364,-0.57457
4727.21,-5.28605,-7.92907,-0.727789
4727.31,-5.63079,-8.08229,-0.65118
4727.41,-5.63079,-7.50772,-1.14914
4727.52,-6.62671,-7.66094,-0.421352
4727.62,-7.12467,-8.23551,-0.842703
4727.72,-2.71963,-6.58841,-0.842703
4727.83,-2.79624,-6.85654,-1.76202
4727.93,-5.55418,-7.77585,-2.10676
4728.03,-7.85246,-8.1589,-1.07253
4728.13,-6.09044,-7.85246,-1.83862
4728.25,-6.05214,-7.62263,-0.919312
4728.35,-4.13691,-8.23551,-1.41727
4728.46,-0.57457,-11.7595,-4.0603
4728.56,-4.21351,-8.1972,-0.229828
4728.66,-4.55826,-8.65686,-1.34066
4728.76,-4.29012,-8.54194,-0.995922
4728.87,-4.25182,-8.65686,-1.22575
4728.97,-4.40504,-8.65686,-0.842703
4729.08,-4.32843,-8.61855,-0.689484
4729.18,-4.59656,-8.58025,-0.536266
4729.28,-4.0986,-8.61855,-0.383047
4729.38,-4.71148,-8.46534,-0.421352
4729.49,-4.63487,-8.42703,-0.0766094
4729.59,-4.17521,-8.54194,0.0766094
4729.70,-4.51995,-8.50364,-0.153219
4729.80,-4.63487,-8.61855,-0.306437
4729.90,-4.74978,-8.54194,-0.383047
4730.01,-4.67317,-8.31211,-0.268133
4730.11,-4.71148,-8.38873,-0.306437
4730.21,-4.78809,-8.46534,-0.114914
4730.31,-5.09452,-8.12059,-0.497961
4730.42,-5.82231,-8.42703,-0.57457
4730.52,-6.74162,-7.27789,-1.45558
4730.63,-7.20128,-6.39688,-0.842703
4730.73,-7.20128,-5.32435,0.229828
4730.83,-4.74978,-5.47757,-2.52811
4730.94,-5.63079,-7.08637,-1.68541
4731.04,-6.66501,-8.58025,-2.37489
4731.14,-6.74162,-8.35042,-1.95354
4731.25,-5.89892,-8.42703,-1.30236
4731.35,-7.3545,-6.70332,-1.34066
4731.46,3.02607,-12.6788,-2.87285
4731.56,-6.43519,-8.00568,0.306437
4731.66,-4.55826,-8.58025,-1.37897
4731.76,-3.94538,-8.65686,-0.727789
4731.87,-4.71148,-8.38873,-1.22575
4731.97,-4.63487,-8.42703,-0.995922
4732.08,-4.59656,-8.35042,-0.881008
4732.19,-4.86469,-8.1589,-0.536266
4732.29,-4.63487,-8.38873,-0.229828
4732.39,-4.78809,-8.46534,-0.536266
4732.50,-4.67317,-8.38873,-0.727789
4732.60,-4.71148,-8.54194,-0.229828
4732.71,-4.71148,-8.38873,-0.421352
4732.81,-5.05622,-8.46534,-0.459656
4732.91,-5.05622,-9.15482,0.0
4733.02,-4.903,-8.08229,-0.229828
4733.12,-6.12875,-7.58433,-0.842703
4733.22,-6.5501,-6.89484,-0.957617
4733.33,-7.08637,-7.77585,-0.612875
4733.43,-7.23959,-7.31619,-0.459656
4733.53,-1.95354,-7.46941,-1.49388
4733.64,-7.85246,-7.3545,-2.37489
4733.74,-7.69924,-8.1589,-2.37489
4733.84,-7.00976,-7.43111,-1.87693
4733.95,-6.93315,-6.74162,-1.53219
4734.05,-5.97553,-8.88668,-2.64302
4734.15,-4.63487,-8.35042,-0.0383047
4734.26,-4.36673,-8.69516,-1.14914
4734.36,-4.32843,-8.77177,-0.881008
4734.46,-4.32843,-8.65686,-0.459656
4734.57,-4.02199,-8.77177,-0.229828
4734.67,-4.13691,-8.50364,-0.153219
4734.78,-4.32843,-8.58025,0.0
4734.88,-4.40504,-8.58025,0.0
4734.98,-4.25182,-8.65686,-0.421352
4735.09,-4.55826,-8.38873,-0.0766094
4735.19,-4.71148,-8.46534,-0.268133
4735.29,-4.71148,-8.61855,-0.268133
4735.40,-4.9413,-8.54194,-0.229828
4735.50,-5.7457,-7.92907,-0.65118
4735.60,-5.7457,-6.89484,-2.41319
4735.71,-6.62671,-7.85246,-0.727789
4735.82,-7.00976,-7.04806,-0.306437
4735.92,-1.45558,-7.73755,-1.11084
4736.03,-7.85246,-7.04806,-1.80032
4736.13,-7.92907,-8.08229,-2.4898
4736.23,-7.23959,-7.89076,-1.45558
4736.34,-6.35858,-7.20128,-1.95354
4736.44,-7.04806,-6.39688,-1.45558
4736.54,-1.76202,-9.38465,-2.37489
4736.65,-3.2942,-8.81008,-0.57457
4736.75,-4.32843,-8.61855,-1.22575
4736.85,-5.97553,-8.61855,-0.919312
4736.96,-4.71148,-8.31211,-0.727789
4737.06,-4.48165,-8.54194,-0.995922
4737.17,-4.55826,-8.1972,-0.344742
4737.27,-4.78809,-8.1972,-0.306437
4737.37,-4.67317,-8.50364,0.0766094
4737.47,-4.9413,-8.31211,-0.383047
4737.58,-5.05622,-7.92907,-0.229828
4737.68,-4.9413,-8.12059,-0.191523
4737.79,-4.97961,-8.1972,0.191523
4737.89,-5.66909,-8.1589,-0.268133
4737.99,-5.32435,-9.11651,0.536266
4738.10,-6.24366,-7.50772,-0.421352
4738.20,-6.5501,-6.58841,0.191523
4738.30,-7.31619,-6.66501,0.497961
4738.41,-8.12059,-3.90708,-0.536266
4738.51,-9.38465,-4.0986,0.0383047
4738.61,-4.903,-5.63079,-2.22167
4738.72,-5.51587,-6.5501,-2.10676
4738.82,-5.7074,-7.96737,-2.68133
4738.92,-7.00976,-7.54602,-2.79624
4739.03,-8.00568,-6.93315,-1.87693
4739.13,-9.30804,-5.09452,-0.497961
4739.23,-5.51587,-8.65686,-0.344742
4739.34,-4.71148,-8.61855,-1.49388
4739.44,-4.59656,-8.65686,-0.383047
4739.54,-3.98369,-8.65686,-0.995922
4739.65,-4.59656,-8.38873,-0.344742
4739.76,-4.71148,-8.50364,-0.536266
4739.86,-4.67317,-8.50364,-0.383047
4739.96,-4.40504,-8.46534,-0.268133
4740.07,-4.48165,-8.61855,-0.229828
4740.17,-4.59656,-8.46534,-0.0766094
4740.27,-4.63487,-8.38873,-0.0383047
4740.38,-4.82639,-8.1972,-0.191523
4740.48,-4.78809,-8.35042,-0.191523
4740.58,-5.01791,-8.23551,-0.344742
4740.69,-4.86469,-8.54194,-0.0383047
4740.79,-5.47757,-7.89076,-0.881008
4740.89,-5.40096,-7.96737,-0.65118
4741.00,-6.39688,-7.12467,-1.07253
4741.10,-6.81823,-7.00976,-0.536266
4741.21,-7.43111,-7.92907,-1.26405
4741.31,-3.79216,-7.3928,0.268133
4741.41,-3.83047,-7.08637,-1.53219
4741.52,-4.0986,-7.31619,-2.71963
4741.62,-7.16298,-7.66094,-2.4515
4741.72,-6.28197,-7.54602,-2.03015
4741.83,-5.97553,-7.46941,-1.49388
4741.93,-6.39688,-6.20536,-1.87693
4742.04,-5.13283,-8.54194,-1.95354
4742.14,-3.21759,-8.92499,0.268133
4742.24,-3.2559,-9.0016,-0.421352
4742.35,-3.63894,-8.81008,-1.03423
4742.45,-3.86877,-8.92499,-0.383047
4742.55,-4.13691,-8.81008,-0.0383047
4742.65,-3.98369,-8.84838,-0.0766094
4742.76,-4.13691,-8.92499,0.191523
4742.86,-3.86877,-8.73347,0.306437
4742.96,-4.02199,-8.73347,0.383047
4743.07,-4.0986,-8.69516,0.268133
4743.17,-3.94538,-8.77177,0.306437
4743.27,-4.0603,-8.84838,0.306437
4743.38,-4.0986,-8.84838,0.344742
4743.49,-4.0603,-8.65686,0.57457
4743.59,-4.02199,-8.58025,0.459656
4743.70,-4.48165,-8.50364,0.497961
4743.80,-4.55826,-8.88668,0.191523
4743.90,-4.903,-8.65686,0.344742
4744.01,-5.24774,-8.1972,0.459656
4744.11,-5.86062,-8.00568,0.497961
4744.21,-5.7074,-6.62671,0.421352
4744.32,-5.09452,-5.66909,-1.76202
4744.42,-5.01791,-6.77993,-3.60064
4744.52,-5.78401,-7.20128,-3.67725
4744.63,-5.78401,-8.42703,-2.52811
4744.73,-4.82639,-7.81416,-2.98777
4744.83,-4.0603,-7.85246,-2.91116
4744.94,-4.51995,-7.92907,-1.03423
4745.04,-3.67725,-9.38465,-3.60064
4745.14,-3.98369,-8.46534,-1.6471
4745.25,-4.55826,-8.38873,-1.99184
4745.35,-4.78809,-8.27381,-1.53219
4745.46,-4.9413,-8.1972,-1.53219
4745.56,-4.97961,-8.35042,-1.22575
4745.66,-4.71148,-8.31211,-0.612875
4745.76,-4.78809,-8.42703,-0.421352
4745.87,-4.51995,-8.50364,-0.306437
4745.97,-4.78809,-8.38873,-0.383047
4746.07,-4.71148,-8.23551,0.0383047
4746.18,-4.67317,-8.35042,0.421352
4746.28,-4.82639,-8.42703,0.229828
4746.38,-5.01791,-8.23551,0.268133
4746.49,-4.97961,-8.27381,0.421352
4746.59,-5.24774,-8.42703,0.65118
4746.70,-5.47757,-8.69516,0.881008
4746.80,-6.35858,-6.5501,0.0383047
4746.90,-7.00976,-5.86062,0.497961
4747.01,-7.3928,-5.86062,0.727789
4747.12,-7.43111,-7.27789,1.11084
4747.22,-4.67317,-7.77585,-0.191523
4747.32,-4.59656,-6.39688,-1.57049
4747.43,-6.09044,-6.47349,-3.63894
4747.53,-7.08637,-7.31619,-3.2559
4747.63,-6.01384,-8.61855,-1.83862
4747.74,-7.08637,-7.96737,-1.14914
4747.84,-8.00568,-6.39688,-0.383047
4747.95,-7.81416,-13.4832,-1.99184
4748.05,1.26405,-8.65686,-0.536266
4748.15,-4.51995,-8.54194,-1.22575
4748.26,-4.44334,-8.46534,-0.881008
4748.36,-4.55826,-8.50364,-0.459656
4748.46,-4.36673,-8.58025,-0.114914
4748.57,-4.48165,-8.38873,0.0383047
4748.67,-4.40504,-8.35042,0.153219
4748.77,-4.55826,-8.42703,0.0383047
4748.88,-4.74978,-8.50364,0.191523
4748.98,-4.74978,-8.38873,-0.114914
4749.08,-5.01791,-8.42703,-0.191523
4749.19,-4.78809,-8.73347,0.229828
4749.29,-5.01791,-7.77585,-0.421352
4749.39,-5.86062,-7.16298,-0.344742
4749.50,-6.89484,-7.54602,-0.153219
4749.60,-7.3928,-7.3545,-0.191523
4749.71,-2.37489,-7.12467,-1.53219
4749.81,-6.58841,-6.81823,-2.18337
4749.91,-8.1972,-8.04398,-1.72371
4750.02,-7.43111,-7.85246,-1.41727
4750.12,-8.27381,-6.5118,-0.842703
4750.22,-8.42703,-11.4148,-2.22167
4750.33,-3.86877,-8.81008,-1.37897
4750.43,-4.32843,-8.46534,-1.22575
4750.53,-4.17521,-8.65686,-0.881008
4750.63,-4.63487,-8.58025,-1.49388
4750.74,-4.32843,-8.58025,-0.957617
4750.84,-4.36673,-8.58025,-0.689484
4750.95,-4.44334,-8.50364,-0.306437
4751.05,-4.40504,-8.54194,-0.268133
4751.16,-4.44334,-8.54194,-0.268133
4751.26,-4.78809,-8.31211,-0.344742
4751.37,-4.74978,-8.38873,-0.229828
4751.47,-4.86469,-8.46534,-0.229828
4751.57,-4.78809,-8.77177,-1.26405
4751.68,-5.47757,-7.73755,-0.995922
4751.78,-6.5501,-7.20128,-1.03423
4751.88,-7.31619,-6.97145,-0.804398
4751.99,-5.78401,-7.27789,0.65118
4752.09,-4.74978,-6.16705,-0.497961
4752.19,-5.82231,-7.3545,-2.25998
4752.30,-5.89892,-8.61855,-2.18337
4752.40,-7.27789,-8.31211,-1.99184
4752.50,-8.65686,-6.24366,-0.57457
4752.61,5.01791,-14.5175,-2.98777
4752.71,-6.85654,-7.43111,1.14914
4752.81,-4.55826,-8.61855,-2.06845
4752.92,-4.59656,-8.50364,-1.07253
4753.02,-4.17521,-8.65686,-0.689484
4753.13,-4.13691,-8.54194,-0.459656
4753.23,-4.29012,-8.73347,-0.766094
4753.33,-4.32843,-8.69516,-0.536266
4753.44,-4.44334,-8.50364,-0.344742
4753.54,-4.59656,-8.58025,-0.344742
4753.64,-4.48165,-8.54194,-0.344742
4753.75,-4.74978,-8.38873,-0.459656
4753.85,-5.01791,-8.46534,-0.689484
4753.95,-5.59248,-8.96329,-0.957617
4754.05,-6.01384,-7.85246,-0.842703
4754.16,-6.32027,-7.54602,-0.191523
4754.26,-7.43111,-6.85654,-0.536266
4754.37,-1.57049,-9.49956,-0.995922
4754.47,-4.74978,-6.35858,-1.49388
4754.57,-6.20536,-7.54602,-1.99184
4754.69,-6.97145,-8.12059,-1.87693
4754.79,-6.74162,-6.81823,-0.689484
4754.89,-11.2233,-8.58025,-2.37489
4755.00,-5.01791,-8.31211,-1.6088
4755.10,-4.55826,-8.42703,-1.03423
4755.20,-4.63487,-8.38873,-1.30236
4755.31,-4.44334,-8.46534,-0.804398
4755.41,-4.63487,-8.31211,-0.689484
4755.51,-4.71148,-8.38873,-0.881008
4755.62,-4.40504,-8.50364,-0.497961
4755.72,-4.21351,-8.50364,-0.229828
4755.82,-4.36673,-8.54194,-0.727789
4755.93,-4.40504,-8.46534,-0.268133
4756.03,-4.51995,-8.54194,-0.421352
4756.13,-4.63487,-8.50364,-0.497961
4756.24,-4.71148,-8.38873,-0.459656
4756.34,-5.01791,-8.46534,-0.459656
4756.44,-5.55418,-8.88668,-0.766094
4756.55,-6.01384,-8.38873,-1.45558
4756.65,-6.66501,-8.73347,-1.34066
4756.75,-5.7457,-7.20128,-0.459656
4756.86,-2.22167,-7.58433,-1.45558
4756.96,-8.42703,-7.58433,-2.98777
4757.06,-8.54194,-7.77585,-2.18337
4757.17,-7.62263,-7.3545,-1.72371
4757.27,-8.23551,-5.93723,-1.57049
4757.38,-0.804398,-9.99752,-2.60472
4757.48,-4.51995,-8.65686,-0.153219
4757.58,-4.71148,-8.38873,-1.26405
4757.69,-4.82639,-8.50364,-1.26405
4757.79,-4.67317,-8.38873,-0.842703
4757.89,-4.21351,-8.58025,-0.57457
4758.00,-4.40504,-8.38873,-0.612875
4758.10,-4.63487,-8.42703,-0.459656
4758.21,-4.55826,-8.46534,-0.421352
4758.31,-4.63487,-8.50364,-0.344742
4758.42,-4.48165,-8.50364,-0.344742
4758.52,-4.59656,-8.42703,-0.421352
4758.63,-4.71148,-8.50364,-0.344742
4758.73,-4.9413,-8.35042,-0.153219
4758.83,-5.01791,-8.00568,-0.306437
4758.94,-5.09452,-8.81008,-0.344742
4759.04,-6.16705,-8.00568,-0.919312
4759.14,-6.66501,-8.69516,-1.41727
4759.25,-1.37897,-8.1589,-0.957617
4759.35,-3.67725,-7.58433,-1.34066
4759.46,-7.3545,-7.92907,-2.03015
4759.56,-7.62263,-7.92907,-1.87693
4759.66,-5.7074,-7.85246,-1.45558
4759.77,-5.36266,-7.77585,-1.49388
4759.87,-5.47757,-6.93315,-0.881008
4759.97,-6.77993,-10.5338,-2.83455
4760.08,0.919312,-8.50364,0.0766094
4760.18,-4.17521,-8.69516,-0.995922
4760.29,-3.98369,-8.73347,-0.497961
4760.39,-4.44334,-8.65686,-1.03423
4760.49,-4.40504,-8.58025,-0.612875
4760.60,-4.51995,-8.46534,-0.689484
4760.70,-4.59656,-8.23551,-0.268133
4760.80,-4.48165,-8.46534,-0.383047
4760.91,-4.32843,-8.50364,-0.344742
4761.01,-4.63487,-8.54194,-0.383047
4761.12,-4.71148,-8.50364,-0.383047
4761.22,-4.55826,-8.38873,-0.268133
4761.32,-4.86469,-8.31211,-0.689484
4761.42,-4.59656,-9.0016,-0.459656
4761.53,-5.97553,-8.1589,-1.37897
4761.63,-6.58841,-8.58025,-1.6088
4761.73,-6.28197,-6.77993,-0.957617
4761.84,-6.20536,-6.85654,-1.6088
4761.94,-7.89076,-7.81416,-2.37489
4762.04,-7.46941,-8.1589,-2.37489
4762.15,-7.43111,-7.73755,-2.10676
4762.26,-7.77585,-6.39688,-1.57049
4762.36,-7.89076,-7.89076,-1.91523
4762.46,-4.36673,-8.84838,-0.919312
4762.57,-4.17521,-8.61855,-1.26405
4762.67,-4.0603,-8.65686,-1.03423
4762.78,-3.98369,-8.58025,-0.842703
4762.88,-6.81823,-8.1589,-0.995922
4762.98,-4.48165,-8.38873,-0.727789
4763.09,-4.63487,-8.46534,-0.268133
4763.19,-4.71148,-8.42703,-0.536266
4763.29,-4.67317,-8.50364,-0.306437
4763.40,-4.48165,-8.35042,-0.459656
4763.50,-4.86469,-8.27381,-0.727789
4763.61,-4.82639,-8.27381,-0.804398
4763.71,-4.903,-9.46126,-1.91523
4763.81,-3.79216,-8.54194,-1.68541
4763.92,-6.58841,-7.04806,-2.4515
4764.02,-2.14506,-7.3928,-1.11084
4764.12,-5.63079,-7.31619,-2.18337
4764.22,-5.89892,-7.92907,-3.33251
4764.33,-5.17113,-8.58025,-3.02607
4764.43,-5.09452,-8.27381,-2.64302
4764.54,-5.13283,-8.04398,-1.6088
4764.64,-4.21351,-8.1589,-1.57049
4764.74,-5.09452,-7.58433,-3.06437
4764.85,-2.71963,-8.96329,0.0
4764.97,-4.40504,-8.77177,-0.57457
4765.07,-4.29012,-8.46534,0.0766094
4765.18,-4.29012,-8.46534,-0.0383047
4765.36,-4.13691,-8.61855,-0.0766094
4765.46,-4.48165,-8.58025,0.0383047
4765.57,-4.40504,-8.65686,-0.0766094
4765.67,-4.29012,-8.31211,0.114914
4765.78,-4.71148,-8.42703,-0.229828
4765.88,-4.74978,-8.42703,-0.0766094
4765.98,-4.63487,-8.35042,-0.229828
4766.09,-4.71148,-8.65686,-0.191523
4766.23,-4.82639,-8.46534,-0.497961
4766.33,-4.903,-8.42703,-0.497961
4766.44,-5.51587,-8.27381,-0.766094
4766.54,-5.89892,-8.1589,-1.26405
4766.64,-6.77993,-5.43926,-1.72371
4766.75,-6.81823,-5.7457,0.842703
4766.85,-4.71148,-6.66501,-0.689484
4766.95,-6.16705,-7.08637,-2.94946
4767.06,-5.09452,-7.12467,-3.10268
4767.16,-4.74978,-8.00568,-2.4515
4767.26,-4.9413,-8.42703,-2.33659
4767.37,-4.63487,-8.12059,-3.10268
4767.47,-3.67725,-8.1589,-3.56234
4767.57,-4.13691,-8.1589,-2.06845
4767.67,-4.29012,-7.16298,-3.33251
4767.78,-3.94538,-8.50364,-1.91523
4767.88,-3.98369,-8.23551,-1.83862
4767.98,-4.63487,-8.1589,-1.80032
4768.09,-4.63487,-8.27381,-1.26405
4768.19,-4.86469,-8.23551,-1.14914
4768.29,-4.78809,-8.1589,-0.957617
4768.40,-4.74978,-8.27381,-0.881008
4768.50,-4.97961,-8.23551,-0.689484
4768.61,-4.63487,-8.27381,-0.689484
4768.71,-4.903,-8.27381,-0.344742
4768.81,-4.82639,-8.27381,-0.421352
4768.92,-4.82639,-8.27381,-0.191523
4769.02,-5.01791,-8.27381,-0.459656
4769.13,-5.05622,-8.31211,-0.383047
4769.23,-4.9413,-8.38873,-0.229828
4769.47,-5.63079,-8.00568,-0.306437
4769.57,-6.5118,-6.81823,-0.766094
4769.68,-6.85654,-6.66501,-0.842703
4769.78,-6.77993,-8.04398,-0.268133
4769.88,-1.41727,-7.08637,-0.344742
4770.00,-1.6088,-6.62671,-4.0603
4770.10,-5.40096,-7.77585,-4.86469
4770.21,-6.20536,-7.66094,-3.37081
4770.31,-5.93723,-8.04398,-2.75794
4770.41,-4.74978,-8.04398,-1.87693
4770.51,-4.29012,-8.1589,-1.83862
4770.62,-3.94538,-8.61855,-2.37489
4770.72,-3.90708,-9.0016,-2.06845
4770.83,-3.60064,-8.73347,-1.72371
4770.93,-4.0603,-8.54194,-1.14914
4771.03,-4.0986,-8.50364,-1.53219
4771.13,-4.44334,-8.31211,-0.919312
4771.24,-4.63487,-8.38873,-0.727789
4771.34,-4.48165,-8.42703,-0.383047
4771.45,-4.40504,-8.42703,-0.497961
4771.55,-4.59656,-8.23551,-0.536266
4771.65,-4.71148,-8.54194,-0.153219
4771.76,-4.67317,-8.50364,-0.0766094
4771.86,-4.67317,-8.31211,0.344742
4771.96,-4.74978,-8.38873,-0.0766094
4772.07,-4.74978,-8.46534,-0.153219
4772.17,-4.97961,-8.35042,-0.0766094
4772.27,-4.903,-8.1589,-0.114914
4772.38,-5.13283,-8.38873,-0.268133
4772.48,-5.09452,-7.92907,-0.727789
4772.58,-5.63079,-8.12059,-0.766094
4772.69,-5.89892,-7.81416,-0.383047
4772.79,-6.89484,-6.62671,-1.11084
4772.89,-7.12467,-7.08637,-0.804398
4773.00,-6.5501,-7.23959,0.114914
4773.10,-4.44334,-7.20128,-1.30236
4773.21,-5.20944,-7.58433,-1.72371
4773.31,-6.81823,-8.50364,-1.68541
4773.41,-7.69924,-8.35042,-1.41727
4773.51,-9.38465,-5.7074,-0.459656
4773.62,-4.21351,-9.07821,-2.83455
4773.73,-5.89892,-8.12059,0.57457
4773.83,-4.0986,-8.65686,-0.612875
4773.94,-4.48165,-8.81008,-0.995922
4774.04,-4.40504,-8.61855,-0.57457
4774.14,-4.32843,-8.58025,-0.344742
4774.25,-4.25182,-8.65686,-0.459656
4774.35,-4.17521,-8.58025,-0.153219
4774.45,-4.17521,-8.58025,-0.268133
4774.56,-4.17521,-8.73347,-0.57457
4774.66,-4.32843,-8.69516,-0.306437
4774.76,-4.25182,-8.69516,-0.229828
4774.87,-4.21351,-8.81008,-0.114914
4774.97,-4.13691,-8.69516,0.0383047
4775.08,-4.29012,-8.77177,0.0383047
4775.18,-4.21351,-8.58025,-0.421352
4775.28,-4.59656,-8.61855,-0.459656
4775.38,-4.44334,-8.61855,-0.268133
4775.49,-4.44334,-8.42703,-0.191523
4775.59,-4.71148,-8.58025,-0.383047
4775.70,-4.67317,-8.38873,-0.268133
4775.80,-4.55826,-8.35042,-0.153219
4775.90,-4.71148,-8.23551,-0.497961
4776.01,-5.09452,-8.65686,-0.0383047
4776.11,-5.36266,-8.27381,-0.689484
4776.21,-5.43926,-8.23551,-0.459656
4776.32,-6.05214,-7.54602,-0.689484
4776.42,-6.5501,-7.3928,-1.22575
4776.52,-6.5118,-8.65686,-0.727789
4776.63,-7.23959,-9.0016,-1.83862
4776.73,-4.63487,-6.62671,-1.80032
4776.83,-7.23959,-8.1589,-2.71963
4776.94,-7.3928,-8.31211,-2.22167
4777.04,-7.27789,-7.81416,-1.6088
4777.14,-6.85654,-6.74162,-1.6088
4777.25,-6.66501,-6.47349,-2.37489
4777.35,-3.52403,-9.19312,-1.76202
4777.46,-3.56234,-8.88668,-1.6471
4777.57,-3.44742,-8.50364,-0.766094
4777.67,-4.40504,-8.58025,-0.995922
4777.77,-4.32843,-8.50364,-0.459656
4777.88,-4.25182,-8.46534,-0.65118
4777.98,-4.9413,-8.27381,-0.995922
4778.08,-4.903,-8.12059,-0.727789
4778.19,-4.71148,-8.42703,-0.727789
4778.29,-4.59656,-8.46534,-0.344742
4778.39,-4.63487,-8.54194,-0.612875
4778.50,-4.71148,-8.46534,-0.306437
4778.60,-4.78809,-8.38873,-0.0766094
4778.71,-4.63487,-8.38873,-0.191523
4778.81,-5.13283,-8.23551,-0.383047
4778.91,-5.09452,-8.23551,-0.459656
4779.01,-4.86469,-8.46534,-0.191523
4779.12,-5.32435,-8.00568,-0.919312
4779.22,-5.59248,-8.61855,-1.37897
4779.32,-6.16705,-7.77585,-1.68541
4779.43,-6.85654,-7.62263,-1.83862
4779.53,-6.62671,-6.32027,-1.03423
4779.63,-6.58841,-7.04806,-1.30236
4779.74,-6.20536,-7.04806,-2.29828
4779.84,-6.32027,-7.66094,-2.68133
4779.94,-5.86062,-7.58433,-1.91523
4780.04,-5.93723,-8.1972,-1.76202
4780.15,-6.39688,-7.31619,-1.37897
4780.25,-5.78401,-9.34634,-4.63487
4780.36,-6.81823,-8.46534,-1.83862
4780.46,-5.28605,-7.92907,-1.95354
4780.56,-5.09452,-8.1972,-1.6471
4780.67,-4.903,-8.04398,-1.11084
4780.77,-4.63487,-8.1589,-0.957617
4780.88,-4.82639,-8.1972,-0.727789
4780.98,-4.97961,-8.38873,-0.995922
4781.08,-4.82639,-8.38873,-0.497961
4781.18,-4.63487,-8.50364,-0.229828
4781.29,-4.55826,-8.42703,-0.0766094
4781.40,-4.59656,-8.46534,-0.191523
4781.50,-4.97961,-8.1972,-0.191523
4781.61,-4.86469,-8.27381,-0.306437
4781.71,-5.09452,-8.27381,-0.0766094
4781.81,-5.40096,-8.31211,-0.689484
4781.92,-5.43926,-8.65686,-0.536266
4782.02,-6.01384,-7.43111,-0.344742
4782.13,-6.74162,-6.97145,-0.842703
4782.23,-7.08637,-8.69516,-0.57457
4782.33,-7.08637,-4.21351,-0.229828
4782.44,-8.73347,-5.36266,-1.91523
4782.54,-6.35858,-7.08637,-1.41727
4782.64,-8.08229,-8.04398,-1.49388
4782.75,-7.73755,-7.54602,-1.83862
4782.85,-8.42703,-6.5501,-1.18745
4782.95,1.49388,-13.33,-3.2942
4783.06,-3.98369,-8.84838,-0.689484
4783.16,-4.51995,-8.69516,-0.919312
4783.26,-4.44334,-8.42703,-0.804398
4783.37,-4.36673,-8.50364,-0.459656
4783.47,-4.40504,-8.35042,-0.383047
4783.58,-5.32435,-8.1972,-0.804398
4783.68,-4.71148,-8.27381,-0.497961
4783.78,-4.903,-8.04398,-0.0383047
4783.88,-4.86469,-8.04398,-0.306437
4783.99,-4.86469,-8.42703,-1.18745
4784.09,-4.903,-8.23551,-0.421352
4784.20,-4.82639,-8.31211,-0.344742
4784.30,-4.9413,-8.1589,-0.0383047
4784.40,-5.13283,-8.00568,0.0383047
4784.51,-5.47757,-8.08229,0.0766094
4784.61,-5.55418,-8.1972,-0.344742
4784.71,-6.01384,-7.89076,-0.344742
4784.82,-6.85654,-7.12467,-1.22575
4784.92,-7.16298,-7.43111,-0.306437
4785.02,-7.3545,-7.20128,-0.497961
4785.13,-7.12467,-6.89484,-2.10676
4785.24,-3.98369,-7.43111,-1.68541
4785.34,-8.08229,-8.1589,-1.80032
4785.44,-6.58841,-7.96737,-1.57049
4785.55,-7.31619,-7.54602,-1.53219
4785.65,-8.04398,-6.09044,-0.881008
4785.75,-8.00568,-11.2616,-3.44742
4785.86,0.497961,-8.42703,0.0383047
4785.96,-4.25182,-8.81008,-1.45558
4786.06,-4.40504,-8.50364,-0.881008
4786.17,-4.51995,-8.58025,-0.957617
4786.27,-4.51995,-8.35042,-0.497961
4786.37,-4.29012,-8.42703,-0.421352
4786.48,-4.74978,-8.58025,-0.919312
4786.58,-4.55826,-8.35042,-0.306437
4786.68,-4.63487,-8.27381,-0.229828
4786.79,-4.74978,-8.27381,-0.306437
4786.89,-4.67317,-8.38873,-0.383047
4787.00,-4.71148,-8.35042,-0.153219
4787.10,-4.32843,-8.61855,0.191523
4787.20,-4.86469,-9.23143,-0.536266
4787.30,-6.20536,-7.92907,-0.766094
4787.41,-6.97145,-7.46941,-1.49388
4787.51,-6.97145,-4.78809,0.459656
4787.62,-4.86469,-5.7074,-1.53219
4787.72,-4.903,-7.46941,-1.6471
4787.82,-6.97145,-8.1589,-2.79624
4787.93,-6.39688,-8.61855,-2.29828
4788.03,-7.08637,-7.46941,-1.53219
4788.13,-7.20128,-5.7457,-1.14914
4788.23,-8.61855,-7.77585,-2.06845
4788.34,-3.2942,-8.92499,-0.727789
4788.44,-2.87285,-9.03991,0.0383047
4788.55,-3.90708,-8.88668,-0.497961
4788.65,-3.86877,-8.77177,-0.421352
4788.75,-4.13691,-8.88668,-0.497961
4788.86,-4.17521,-8.81008,-0.57457
4788.97,-4.17521,-8.77177,-0.459656
4789.07,-4.44334,-8.65686,-0.153219
4789.17,-4.29012,-8.54194,-0.229828
4789.28,-4.40504,-8.54194,-0.306437
4789.38,-4.51995,-8.58025,-0.766094
4789.48,-4.67317,-8.54194,-0.421352
4789.59,-5.05622,-8.35042,-0.919312
4789.69,-5.01791,-8.31211,-1.30236
4789.79,-5.40096,-8.84838,-1.68541
4789.90,-6.05214,-7.27789,-2.03015
4790.00,-6.70332,-7.23959,-1.6471
4790.11,-5.89892,-8.27381,-0.957617
4790.21,-5.93723,-6.97145,-1.03423
4790.31,-5.32435,-7.16298,-1.57049
4790.42,-6.97145,-7.85246,-2.71963
4790.52,-5.51587,-8.12059,-3.10268
4790.63,-5.51587,-7.69924,-2.25998
4790.73,-7.31619,-6.66501,-1.26405
4790.83,-2.60472,-9.15482,-1.22575
4790.94,-3.21759,-8.42703,-1.34066
4791.04,-4.71148,-8.27381,-0.995922
4791.14,-4.63487,-8.38873,-1.11084
4791.25,-4.74978,-8.42703,-0.842703
4791.35,-4.78809,-8.42703,-0.65118
4791.45,-4.17521,-8.50364,-0.268133
4791.56,-4.63487,-8.23551,-0.536266
4791.66,-4.903,-8.1972,-0.65118
4791.76,-4.86469,-8.31211,-0.57457
4791.87,-4.78809,-8.31211,-0.57457
4791.97,-4.9413,-8.38873,-0.919312
4792.07,-4.97961,-8.12059,-0.57457
4792.18,-5.40096,-8.42703,-1.68541
4792.28,-5.7457,-9.0016,-1.18745
4792.38,-6.39688,-7.46941,-1.99184
4792.49,-6.70332,-5.63079,-1.72371
4792.59,-7.73755,-5.82231,-1.03423
4792.70,-7.69924,-4.40504,-1.14914
4792.80,-6.28197,-4.86469,-2.37489
4792.91,-6.58841,-6.16705,-2.75794
4793.01,-7.31619,-6.35858,-3.2942
4793.11,-6.32027,-6.93315,-3.2559
4793.22,-5.40096,-7.62263,-2.33659
4793.32,-5.7074,-7.73755,-1.91523
4793.42,-6.39688,-7.3545,-1.87693
4794.31,-4.71148,-8.42703,-0.191523
4794.41,-4.74978,-8.23551,0.114914
4794.79,-4.82639,-8.73347,-0.191523
4794.89,-5.09452,-8.35042,0.0766094
4795.00,-5.51587,-7.81416,-0.306437
4795.48,-6.85654,-6.05214,-0.881008
4795.58,-7.46941,-5.09452,0.0
4795.69,-6.66501,-6.5118,-0.344742
4795.79,-6.77993,-6.81823,-0.497961
4795.89,-4.02199,-7.92907,-2.91116
4796.00,-4.29012,-8.27381,-4.59656
4796.10,-4.02199,-8.23551,-4.21351
4796.21,-4.32843,-8.35042,-3.60064
4796.31,-4.36673,-7.3545,-2.68133
4796.41,-4.48165,-6.89484,-1.57049
4796.51,-5.82231,-8.35042,-0.919312
4796.62,-4.82639,-8.1589,-0.842703
4796.72,-4.97961,-8.50364,-1.57049
4796.83,-4.48165,-8.42703,-1.18745
4796.93,-4.97961,-8.23551,-1.07253
4797.03,-4.59656,-8.35042,-0.689484
4797.14,-4.48165,-8.42703,-0.57457
4797.24,-4.59656,-8.46534,-0.459656
4797.34,-4.67317,-8.46534,-0.497961
4797.45,-4.67317,-8.61855,-0.421352
4797.55,-4.78809,-8.46534,-0.383047
4797.65,-4.78809,-8.38873,-0.536266
4797.76,-4.44334,-8.54194,0.229828
4797.87,-4.86469,-8.69516,-0.804398
4797.97,-4.82639,-7.89076,-0.536266
4798.08,-6.01384,-7.08637,-1.6088
4798.18,-6.39688,-7.04806,-1.07253
4798.29,-6.85654,-6.39688,-0.57457
4798.39,-6.85654,-7.46941,-0.727789
4798.49,-7.58433,-6.24366,-0.804398
4798.59,-1.99184,-6.70332,-1.68541
4798.70,-6.74162,-7.46941,-2.71963
4798.80,-6.20536,-8.1589,-3.71555
4798.90,-5.40096,-7.77585,-3.2942
4799.01,-5.78401,-8.31211,-1.95354
4799.11,-7.50772,-6.32027,-1.14914
4799.21,4.903,-13.33,-2.4515
4799.32,-3.52403,-8.77177,-0.0383047
4799.42,-4.74978,-8.77177,-1.11084
4799.52,-4.63487,-8.46534,-0.766094
4799.63,-4.51995,-8.35042,-0.65118
4799.73,-4.55826,-8.35042,-0.727789
4799.83,-4.74978,-8.46534,-0.612875
4799.94,-4.74978,-8.54194,-0.842703
4800.04,-4.78809,-8.42703,-0.689484
4800.14,-4.86469,-8.27381,-0.497961
4800.25,-4.78809,-8.42703,-0.306437
4800.35,-4.82639,-8.27381,-0.344742
4800.46,-4.82639,-8.27381,-0.459656
4800.56,-5.17113,-8.73347,-0.689484
4800.66,-5.36266,-8.31211,-0.57457
4800.77,-6.09044,-7.50772,-2.14506
4800.87,-7.3545,-7.08637,-1.91523
4800.97,-5.24774,-6.43519,0.536266
4801.08,-3.94538,-7.3928,-1.07253
4801.18,-6.97145,-8.1589,-2.25998
4801.28,-7.16298,-8.58025,-3.14098
4801.38,-5.17113,-7.89076,-2.68133
4801.49,-6.01384,-7.69924,-1.91523
4801.59,-9.46126,-5.13283,-1.68541
4801.70,-4.02199,-9.26973,-1.6088
4801.80,-3.86877,-8.92499,-0.65118
4801.91,-4.17521,-8.73347,-0.536266
4802.01,-4.51995,-8.61855,-0.536266
4802.12,-4.13691,-8.58025,-0.0383047
4802.22,-4.21351,-8.65686,-0.497961
4802.32,-4.63487,-8.46534,-0.727789
4802.43,-4.9413,-8.54194,-1.30236
4802.53,-4.48165,-8.12059,-0.191523
4802.63,-4.55826,-8.42703,-0.114914
4802.74,-4.48165,-8.46534,-0.306437
4802.84,-4.55826,-8.42703,-0.344742
4802.94,-4.63487,-8.58025,-0.65118
4803.05,-4.82639,-8.38873,-0.612875
4803.15,-5.01791,-8.54194,-0.421352
4803.26,-5.36266,-8.23551,-1.07253
4803.36,-5.78401,-8.38873,-1.45558
4803.46,-5.7457,-7.20128,-1.49388
4803.57,-7.31619,-6.39688,-2.52811
4803.67,-4.903,-7.08637,0.114914
4803.77,-3.98369,-7.62263,-0.459656
4803.88,-7.31619,-8.04398,-2.37489
4803.98,-7.3928,-7.81416,-2.18337
4804.08,-6.09044,-7.85246,-1.95354
4804.19,-6.62671,-7.46941,-1.95354
4804.29,-6.43519,-6.58841,-1.83862
4804.39,-7.00976,-11.7212,-1.80032
4804.50,-2.94946,-8.88668,-0.497961
4804.60,-4.25182,-8.81008,-0.881008
4804.71,-4.0603,-8.73347,-0.459656
4804.81,-4.32843,-8.46534,-0.383047
4804.91,-4.36673,-8.69516,-0.536266
4805.01,-4.51995,-8.46534,-0.727789
4805.12,-4.55826,-8.38873,-0.268133
4805.22,-4.51995,-8.46534,-0.268133
4805.32,-4.51995,-8.35042,-0.383047
4805.44,-4.59656,-8.54194,-0.344742
4805.54,-4.59656,-8.35042,-0.57457
4805.64,-4.71148,-8.50364,-0.268133
4805.75,-4.97961,-8.35042,-0.919312
4805.85,-5.17113,-8.1589,-1.03423
4805.95,-5.01791,-8.23551,-1.41727
4806.06,-5.66909,-7.46941,-2.37489
4806.16,-6.66501,-8.1589,-1.76202
4806.26,-7.54602,-6.24366,-0.114914
4806.37,-3.2559,-6.97145,-0.344742
4806.47,-6.28197,-8.38873,-1.68541
4806.58,-6.16705,-8.23551,-2.64302
4806.68,-8.58025,-7.54602,-2.79624
4806.78,-4.29012,-7.3545,-1.57049
4806.88,-5.17113,-14.326,-1.41727
4806.99,-3.67725,-8.81008,-0.383047
4807.09,-4.0603,-8.84838,-0.459656
4807.20,-3.86877,-8.77177,-0.383047
4807.30,-3.98369,-8.81008,-0.383047
4807.40,-3.98369,-8.81008,-0.0766094
4807.51,-3.79216,-8.84838,-0.344742
4807.61,-4.55826,-8.84838,-0.344742
4807.71,-4.17521,-8.58025,-0.0766094
4807.81,-4.36673,-8.58025,-0.114914
4807.92,-4.55826,-8.54194,-0.268133
4808.02,-4.55826,-8.46534,-0.421352
4808.13,-4.78809,-8.50364,-0.459656
4808.23,-4.78809,-8.65686,-0.421352
4808.33,-5.47757,-8.04398,-1.34066
4808.44,-5.97553,-7.62263,-1.6471
4808.54,-6.97145,-7.69924,-2.10676
4808.64,-7.23959,-7.23959,-1.76202
4808.75,-7.23959,-6.77993,0.689484
4808.85,-5.7074,-6.5501,-0.114914
4808.95,-8.23551,-7.89076,-1.83862
4809.06,-7.23959,-7.96737,-1.87693
4809.17,-5.93723,-7.69924,-2.29828
4809.27,-7.3928,-6.20536,-2.87285
4809.38,7.81416,-19.6886,-1.80032
4809.48,-2.25998,-9.11651,-0.153219
4809.58,-3.86877,-8.77177,-0.114914
4809.69,-4.17521,-8.84838,-0.689484
4809.79,-4.02199,-8.81008,-0.459656
4809.89,-4.17521,-8.65686,-0.383047
4810.00,-4.51995,-8.73347,-0.536266
4810.10,-4.21351,-8.77177,0.114914
4810.21,-3.98369,-8.81008,0.114914
4810.31,-4.13691,-8.61855,0.0
4810.41,-4.17521,-8.69516,-0.153219
4810.51,-4.25182,-8.69516,0.191523
4810.62,-4.17521,-8.65686,0.0
4810.72,-4.32843,-8.54194,-0.153219
4810.83,-5.05622,-8.58025,-0.689484
4810.93,-4.97961,-8.50364,-0.881008
4811.03,-5.32435,-8.35042,-0.881008
4811.13,-6.01384,-7.46941,-1.45558
4811.24,-6.93315,-8.27381,-2.18337
4811.34,-6.89484,-6.39688,-1.57049
4811.45,-3.48573,-6.20536,-0.995922
4811.55,-7.58433,-6.70332,-0.995922
4811.65,-8.50364,-6.32027,-1.99184
4811.76,-6.5118,-7.16298,-2.29828
4811.86,-5.24774,-8.27381,-2.14506
4811.96,-4.0986,-8.31211,-1.57049
4812.07,-6.28197,-7.08637,-0.842703
4812.17,-2.60472,-9.38465,-1.49388
4812.27,-3.06437,-8.58025,-0.383047
4812.38,-4.48165,-8.50364,-0.957617
4812.48,-4.40504,-8.58025,-0.57457
4812.58,-4.44334,-8.46534,-0.57457
4812.69,-4.67317,-8.50364,-0.536266
4812.79,-4.59656,-8.35042,-0.306437
4812.89,-4.71148,-8.27381,-0.268133
4813.01,-4.82639,-8.27381,-0.536266
4813.11,-4.9413,-8.27381,-0.497961
4813.21,-5.05622,-8.1589,-0.383047
4813.32,-5.20944,-8.38873,-1.03423
4813.42,-5.20944,-8.50364,-0.919312
4813.52,-6.24366,-7.62263,-1.68541
4813.63,-6.93315,-6.62671,-1.76202
4813.73,-7.16298,-7.08637,-0.881008
4813.83,-2.60472,-7.50772,-0.421352
4813.94,-4.74978,-7.08637,-1.18745
4814.04,-6.47349,-7.89076,-2.29828
4814.14,-7.16298,-7.96737,-2.03015
4814.25,-7.12467,-7.27789,-1.87693
4814.35,-8.46534,-5.97553,-0.995922
4814.46,-1.80032,-12.4107,-3.2559
4814.56,-3.90708,-8.54194,-0.612875
4814.67,-4.32843,-8.50364,-0.57457
4814.77,-4.40504,-8.65686,-0.727789
4814.87,-4.63487,-8.54194,-0.459656
4814.97,-4.40504,-8.42703,-0.421352
4815.08,-4.51995,-8.54194,-0.421352
4815.18,-4.48165,-8.50364,-0.268133
4815.29,-4.44334,-8.61855,0.0
4815.39,-4.25182,-8.58025,0.191523
4815.49,-4.40504,-8.54194,-0.0383047
4815.60,-4.51995,-8.50364,-0.153219
4815.70,-4.71148,-8.50364,-0.0383047
4815.80,-4.67317,-8.35042,-0.191523
4815.91,-4.29012,-8.84838,0.0383047
4816.01,-4.36673,-8.1589,-0.536266
4816.11,-5.47757,-8.04398,-0.804398
4816.22,-6.74162,-7.85246,-1.03423
4816.32,-6.47349,-7.89076,-0.57457
4816.42,-2.75794,-7.23959,-0.65118
4816.53,-2.75794,-6.20536,-0.65118
4816.63,-8.73347,-7.77585,-0.497961
4816.74,-7.66094,-7.89076,-0.881008
4816.84,-6.43519,-7.73755,-1.91523
4816.95,-6.35858,-7.00976,-2.10676
4817.05,-6.32027,-6.70332,-1.80032
4817.16,-8.38873,-7.20128,0.153219
4817.26,-3.79216,-8.96329,-0.57457
4817.36,-4.25182,-8.61855,-0.497961
4817.47,-4.29012,-8.54194,-0.612875
4817.57,-4.40504,-8.58025,-0.344742
4817.67,-4.44334,-8.50364,-0.191523
4817.78,-4.82639,-8.46534,-0.229828
4817.88,-4.51995,-8.38873,0.0383047
4817.98,-4.82639,-8.38873,-0.153219
4818.09,-4.74978,-8.31211,-0.344742
4818.19,-4.86469,-8.38873,-0.459656
4818.29,-4.97961,-8.12059,-0.766094
4818.40,-5.55418,-8.46534,-1.45558
4818.50,-5.59248,-7.43111,-1.6088
4818.60,-6.01384,-6.47349,-1.80032
4818.71,-6.81823,-5.43926,-1.72371
4818.81,-7.23959,-6.74162,0.957617
4818.92,-5.7074,-6.32027,-1.6471
4819.02,-6.89484,-6.74162,-4.86469
4819.12,-5.97553,-7.3545,-4.78809
4819.22,-4.86469,-7.96737,-2.91116
4819.33,-4.71148,-8.42703,-2.10676
4819.43,-4.59656,-8.04398,-1.53219
4819.54,-5.89892,-6.35858,-2.29828
4819.64,-6.16705,-9.26973,0.306437
4819.74,-4.21351,-8.81008,-0.383047
4819.84,-4.0603,-8.69516,-0.421352
4819.95,-4.59656,-8.42703,-0.459656
4820.05,-4.59656,-8.54194,-0.881008
4820.15,-4.36673,-8.42703,-0.344742
4820.26,-4.55826,-8.50364,0.0383047
4820.36,-4.44334,-8.35042,0.114914
4820.46,-4.51995,-8.58025,-0.383047
4820.58,-4.63487,-8.50364,0.114914
4820.68,-4.44334,-8.46534,0.114914
4820.78,-4.40504,-8.50364,-0.0766094
4820.89,-4.44334,-8.61855,-0.0383047
4820.99,-4.78809,-8.50364,-0.153219
4821.09,-4.903,-8.46534,-0.383047
4821.20,-5.05622,-8.1972,-0.459656
4821.30,-5.09452,-7.89076,-0.497961
4821.40,-5.17113,-7.96737,-1.11084
4821.51,-5.47757,-7.69924,-1.26405
4821.61,-5.59248,-7.69924,-1.18745
4821.71,-5.7457,-7.00976,-0.766094
4821.82,-5.89892,-6.93315,-2.18337
4821.92,-4.82639,-8.12059,-1.03423
4822.03,-3.52403,-8.54194,-3.75386
4822.13,-3.52403,-8.61855,-3.2559
4822.23,-3.10268,-8.81008,-2.71963
4822.34,-4.0603,-7.77585,-3.02607
4822.44,-3.52403,-9.0016,-2.14506
4822.54,-3.60064,-8.81008,-2.18337
4822.69,-4.48165,-8.31211,-0.727789
4822.79,-4.78809,-8.42703,-1.57049
4822.90,-4.74978,-8.38873,-0.766094
4823.00,-4.29012,-8.46534,-0.421352
4823.10,-4.36673,-8.50364,-0.383047
4823.21,-4.51995,-8.42703,-0.344742
4823.31,-4.67317,-8.54194,-0.536266
4823.42,-4.59656,-8.38873,-0.0766094
4823.52,-4.48165,-8.50364,0.229828
4823.62,-4.55826,-8.54194,-0.0766094
4823.73,-4.67317,-8.38873,-0.114914
4823.83,-4.63487,-8.31211,0.383047
4823.93,-4.71148,-8.23551,-0.153219
4824.04,-4.82639,-8.54194,-0.497961
4824.14,-5.59248,-8.50364,-1.18745
4824.24,-5.66909,-8.35042,-1.11084
4824.35,-6.85654,-7.62263,-1.91523
4824.46,-7.12467,-6.97145,-1.45558
4824.56,-7.08637,-6.74162,-1.18745
4824.67,-5.66909,-7.16298,-1.45558
4824.77,-6.66501,-7.81416,-3.14098
4824.87,-6.43519,-8.1972,-2.60472
4824.97,-6.28197,-7.85246,-1.68541
4825.08,-5.20944,-7.54602,-1.45558
4825.18,-4.63487,-8.23551,-3.33251
4825.29,-7.23959,-7.66094,-0.0383047
4825.39,-4.903,-8.27381,-1.45558
4825.49,-4.63487,-8.50364,-1.34066
4825.60,-4.55826,-8.42703,-1.14914
4825.70,-4.82639,-8.23551,-1.07253
4825.80,-4.67317,-8.42703,-0.919312
4825.91,-5.13283,-7.96737,-0.995922
4826.01,-4.97961,-8.1972,-0.995922
4826.11,-4.82639,-8.1972,-0.804398
4826.22,-4.71148,-8.31211,-0.881008
4826.32,-4.9413,-8.31211,-0.881008
4826.42,-4.78809,-8.35042,-1.11084
4826.53,-4.82639,-8.35042,-1.18745
4826.63,-4.78809,-8.35042,-0.919312
4826.73,-4.82639,-8.23551,-1.03423
4826.84,-4.97961,-8.38873,-1.26405
4826.94,-5.01791,-8.23551,-0.957617
4827.04,-4.82639,-8.23551,-1.07253
4827.15,-4.63487,-8.27381,-1.34066
4827.25,-4.44334,-8.42703,-1.49388
4827.36,-4.13691,-8.50364,-1.6471
4827.46,-4.29012,-8.65686,-1.68541
4827.56,-4.21351,-8.58025,-1.76202
4827.67,-4.13691,-8.54194,-1.83862
4827.77,-4.0986,-8.50364,-1.37897
4827.87,-4.0603,-8.61855,-1.22575
4827.98,-4.0603,-8.58025,-1.68541
4828.34,-3.98369,-8.54194,-1.34066
4828.44,-3.83047,-8.50364,-1.41727
4828.54,-4.29012,-8.69516,-1.6088
4828.65,-4.0603,-8.69516,-1.68541
4828.75,-3.98369,-8.65686,-1.37897
4828.86,-4.02199,-8.73347,-1.53219
4828.96,-4.02199,-8.65686,-1.49388
4829.06,-3.98369,-8.81008,-1.80032
4829.17,-3.90708,-8.54194,-1.53219
4829.27,-4.17521,-8.65686,-1.83862
4829.37,-4.02199,-8.61855,-1.6471
4829.47,-4.0986,-8.50364,-1.68541
4829.58,-4.13691,-8.73347,-1.72371
4829.68,-4.17521,-8.58025,-1.6471
4829.79,-4.0986,-8.58025,-1.68541
4829.89,-4.13691,-8.50364,-1.68541
4829.99,-4.21351,-8.46534,-1.80032
4830.10,-4.25182,-8.54194,-1.83862
4830.28,-4.29012,-8.38873,-1.76202
4830.38,-4.25182,-8.35042,-1.6088
4830.49,-4.17521,-8.46534,-1.45558
4830.59,-4.32843,-8.46534,-1.76202
4830.69,-4.29012,-8.54194,-1.76202
4830.80,-4.25182,-8.50364,-1.91523
4831.00,-4.32843,-8.46534,-1.99184
4831.10,-4.29012,-8.35042,-1.76202
4831.21,-4.29012,-8.31211,-1.91523
4831.31,-4.40504,-8.23551,-2.14506
4831.41,-4.48165,-8.23551,-2.06845
4831.52,-4.48165,-8.35042,-2.06845
4831.62,-4.32843,-8.1589,-1.80032
4831.72,-4.44334,-8.27381,-1.91523
4831.83,-4.51995,-8.50364,-1.6088
4831.93,-4.63487,-8.46534,-1.68541
4832.03,-4.36673,-8.35042,-1.14914
4832.13,-4.29012,-8.58025,-1.11084
4832.24,-4.36673,-8.54194,-0.957617
4832.35,-4.21351,-8.50364,-0.65118
4832.46,-4.13691,-8.65686,-0.957617
4832.56,-4.21351,-8.61855,-0.229828
4832.66,-4.44334,-8.54194,-0.497961
4832.76,-4.55826,-8.46534,-0.459656
4832.87,-4.48165,-8.35042,-0.536266
4832.97,-4.67317,-8.31211,-0.536266
4833.07,-4.903,-8.1972,-0.727789
4833.18,-5.09452,-8.23551,-0.727789
4833.28,-4.903,-8.73347,-0.612875
4833.38,-6.43519,-9.34634,-1.68541
4833.49,-6.35858,-8.69516,-1.49388
4833.59,-7.54602,-6.43519,-0.57457
4833.70,-2.56641,-6.93315,-0.306437
4833.80,-9.42295,-7.46941,-1.87693
4833.90,-7.04806,-8.1589,-2.60472
4834.01,-8.31211,-6.5118,-2.71963
4834.11,-8.12059,-6.5501,-1.87693
4834.21,-7.08637,-6.39688,-0.229828
4834.31,-8.35042,-8.08229,0.153219
4834.42,-4.0986,-8.65686,-0.919312
4834.52,-3.71555,-8.61855,0.153219
4834.63,-4.0603,-8.54194,-0.306437
4834.73,-4.29012,-8.46534,-0.65118
4834.83,-4.63487,-8.35042,-0.57457
4834.94,-5.17113,-8.42703,-1.53219
4835.04,-6.47349,-9.95922,-2.22167
4835.14,-6.09044,-9.49956,-1.72371
4835.24,-2.87285,-8.42703,0.842703
4835.35,-3.86877,-6.28197,-0.114914
4835.45,-4.0603,-7.66094,-2.06845
4835.55,-6.93315,-7.85246,-2.94946
4835.66,-7.69924,-6.5501,-4.21351
4835.76,-8.58025,-5.28605,-2.25998
4835.86,-1.49388,-9.61448,-0.919312
4835.97,-4.17521,-8.73347,-0.191523
4836.08,-4.903,-9.03991,-0.689484
4836.18,-4.51995,-8.00568,0.383047
4836.29,-4.82639,-8.42703,-0.153219
4836.39,-5.01791,-8.27381,-0.383047
4836.49,-5.05622,-8.42703,-0.0766094
4836.60,-5.55418,-8.23551,0.0
4836.70,-6.28197,-9.61448,0.268133
4836.80,-6.35858,-10.2657,1.30236
4836.91,-6.39688,-8.42703,2.52811
4837.01,-2.4515,-3.37081,-1.30236
4837.11,-2.79624,-0.919312,-3.10268
4837.22,-4.02199,-2.75794,-2.94946
4837.32,-6.43519,-10.1507,-0.612875
4837.42,-12.2958,-11.185,0.421352
4837.53,-11.6063,-5.13283,-0.114914
4837.63,-9.72939,-7.3545,0.766094
4837.73,-10.3423,-8.65686,-1.18745
4837.84,-4.59656,-8.38873,-0.0766094
4837.94,-4.55826,-8.27381,-1.07253
4838.04,-4.71148,-8.73347,-1.14914
4838.15,-4.71148,-9.69109,0.153219
4838.25,-5.32435,-5.36266,-2.64302
4838.35,-5.17113,-5.55418,0.421352
4838.46,-5.13283,-9.57617,-3.52403
4838.56,-5.82231,-7.66094,-2.87285
4838.66,-5.40096,-7.46941,-2.10676
4838.77,-4.82639,-7.66094,-3.21759
4838.87,-4.74978,-7.81416,-3.52403
4838.97,-4.55826,-8.1589,-3.71555
4839.08,-5.09452,-8.69516,-5.7457
4839.18,-5.17113,-5.93723,-5.24774
4839.28,-4.0986,-6.89484,-2.75794
4839.39,-3.67725,-6.66501,-4.13691
4839.49,-4.25182,-6.5118,-6.09044
4839.61,-5.13283,-6.20536,-3.60064
4839.71,-4.9413,-17.3137,-14.1727
4839.82,-4.17521,-6.74162,-5.97553
4839.93,-4.29012,-6.62671,-5.63079
4840.03,-4.44334,-6.85654,-5.28605
4840.13,-4.63487,-6.5118,-5.28605
4840.24,-4.25182,-6.47349,-5.47757
4840.34,-4.36673,-6.74162,-5.17113
4840.44,-4.0603,-6.74162,-5.20944
4840.55,-4.21351,-6.70332,-5.24774
4840.65,-4.44334,-6.70332,-5.40096
4840.75,-4.36673,-6.70332,-5.40096
4840.86,-4.32843,-6.62671,-5.51587
4840.96,-4.29012,-6.66501,-5.43926
4841.06,-4.36673,-6.70332,-5.51587
4841.17,-4.40504,-6.5501,-5.43926
4841.27,-4.29012,-6.62671,-5.59248
4841.38,-4.36673,-6.5118,-5.59248
4841.48,-4.44334,-6.39688,-5.55418
4841.58,-4.48165,-6.35858,-5.20944
4841.69,-4.36673,-6.28197,-5.7457
4841.79,-4.21351,-6.28197,-6.89484
4841.89,-5.36266,-7.69924,-4.25182
4842.00,-5.01791,-7.89076,-5.47757
4842.10,-7.04806,-5.32435,-2.33659
4842.21,-5.17113,-7.23959,0.842703
4842.31,-5.78401,-7.20128,0.229828
4842.41,-5.78401,-8.08229,0.497961
4842.51,-5.40096,-8.81008,0.536266
4842.62,-5.40096,-7.69924,0.191523
4842.72,-5.47757,-7.92907,0.57457
4842.82,-5.7074,-7.62263,0.57457
4842.93,-5.63079,-7.20128,0.153219
4843.03,-5.63079,-7.81416,0.65118
4843.13,-5.63079,-7.69924,0.497961
4843.24,-5.59248,-7.66094,0.306437
4843.34,-5.55418,-7.85246,0.497961
4843.45,-5.43926,-7.58433,0.497961
4843.55,-5.32435,-7.66094,0.497961
4843.66,-5.43926,-7.85246,0.421352
4843.77,-5.47757,-7.77585,0.497961
