110.31,-4.55826,-3.67725,7.62263
110.41,-4.71148,-4.21351,8.08229
110.51,-4.59656,-3.94538,7.62263
110.62,-4.44334,-3.90708,7.27789
110.72,-4.51995,-3.71555,7.46941
110.83,-4.9413,-3.56234,7.46941
110.93,-4.903,-3.67725,7.58433
111.03,-4.78809,-3.90708,7.46941
111.14,-4.55826,-3.71555,7.43111
111.25,-4.51995,-3.83047,7.3928
111.35,-4.63487,-3.90708,7.31619
111.46,-4.63487,-3.83047,7.46941
111.56,-4.44334,-4.02199,7.3928
111.66,-4.40504,-3.90708,7.46941
111.76,-4.71148,-3.75386,7.58433
111.87,-4.78809,-3.90708,7.81416
111.97,-4.0603,-3.90708,7.89076
112.07,-4.21351,-4.0986,7.77585
112.18,-4.13691,-3.90708,7.58433
112.28,-4.0986,-3.86877,7.62263
112.38,-3.98369,-3.98369,7.62263
112.49,-3.83047,-3.94538,7.85246
112.59,-4.29012,-3.83047,7.81416
112.69,-4.17521,-3.86877,7.58433
112.80,-4.25182,-3.86877,7.69924
112.90,-4.0986,-3.67725,7.66094
113.00,-4.29012,-3.90708,7.27789
113.11,-7.58433,-3.83047,6.16705
113.21,-7.77585,-1.99184,5.89892
113.32,-8.1589,0.344742,4.903
113.42,-8.38873,3.56234,6.16705
113.52,-8.38873,3.75386,6.05214
113.63,-8.31211,2.56641,5.36266
113.73,-7.58433,0.268133,4.9413
113.83,-8.69516,-2.52811,1.07253
113.94,-8.50364,-4.74978,2.37489
114.04,-7.31619,-6.09044,2.10676
114.14,-8.88668,-5.93723,1.45558
114.25,-8.96329,-6.43519,1.41727
114.35,-6.5501,-6.85654,0.919312
114.45,-6.62671,-7.46941,1.45558
114.56,-4.63487,-5.55418,2.33659
114.66,-4.9413,-3.48573,2.33659
114.76,-7.3545,-6.39688,3.67725
114.88,-7.23959,-6.01384,4.29012
114.98,-5.20944,-5.59248,3.06437
115.08,-6.66501,-5.17113,4.82639
115.18,-7.16298,-4.40504,5.17113
115.29,-7.20128,-4.13691,4.903
115.39,-7.27789,-4.25182,2.33659
115.50,-7.85246,-4.67317,1.37897
115.60,-8.46534,-4.59656,1.30236
115.70,-8.65686,-5.01791,1.72371
115.81,-7.04806,-5.82231,1.72371
115.91,-6.89484,-5.51587,2.29828
116.01,-8.54194,-4.9413,1.95354
116.12,-8.88668,-4.36673,1.03423
116.22,-7.96737,-3.2559,0.65118
116.32,-7.96737,-5.13283,0.957617
116.43,-9.46126,-7.46941,0.957617
116.53,-6.5501,-5.86062,1.37897
116.63,-7.50772,-6.09044,1.30236
116.74,-7.04806,-6.47349,1.03423
116.84,-6.58841,-6.93315,0.0
116.94,-6.66501,-6.5118,-0.0383047
117.05,-6.16705,-5.51587,0.229828
117.15,-7.50772,-7.50772,0.229828
117.25,-7.96737,-6.97145,-0.306437
117.36,-6.20536,-6.66501,-0.689484
117.46,-6.16705,-7.66094,-0.881008
117.57,-6.12875,-7.81416,0.65118
117.67,-5.86062,-7.73755,1.99184
117.77,-5.20944,-6.97145,1.26405
117.88,-5.86062,-4.86469,1.83862
117.98,-5.82231,-5.01791,2.75794
118.08,-5.59248,-6.32027,3.21759
118.18,-6.89484,-6.28197,3.21759
118.29,-8.61855,-7.27789,2.52811
118.39,-6.97145,-7.08637,0.842703
118.50,-6.32027,-6.85654,0.804398
118.61,-5.82231,-6.12875,0.919312
118.71,-5.7457,-6.12875,1.14914
118.82,-7.62263,-5.63079,2.29828
118.92,-5.7457,-5.24774,3.17929
119.02,-5.78401,-7.3545,2.33659
119.12,-5.36266,-6.20536,2.37489
119.23,-13.3683,-6.20536,4.0603
119.33,-5.7074,-6.5501,2.29828
119.43,-7.31619,-9.26973,2.4515
119.54,-5.17113,-8.61855,3.14098
119.64,-5.13283,-8.50364,2.52811
119.74,-3.17929,-7.58433,1.95354
119.85,-11.0317,-9.19312,5.7457
119.95,-2.83455,-9.46126,1.87693
120.12,-3.48573,-8.23551,3.90708
120.22,-4.25182,-8.08229,3.2942
120.32,-5.24774,-6.66501,2.4515
120.43,-6.70332,-5.63079,1.30236
120.53,-8.08229,-5.7074,0.191523
120.63,-7.85246,-5.20944,0.612875
120.74,-7.3928,-6.16705,1.30236
120.84,-7.43111,-6.47349,1.11084
120.94,-6.43519,-6.5118,0.229828
121.05,-7.08637,-5.7457,-0.153219
121.15,-7.89076,-4.0986,1.87693
121.25,-8.08229,-3.79216,1.41727
121.36,-8.12059,-4.9413,1.6471
121.46,-7.50772,-5.05622,0.804398
121.56,-8.04398,-5.43926,0.612875
121.67,-7.81416,-5.01791,1.22575
121.77,-7.81416,-5.05622,0.766094
121.88,-8.42703,-4.0986,0.536266
121.98,-8.31211,-4.44334,0.0383047
122.08,-8.38873,-4.51995,0.114914
122.37,-8.38873,-4.13691,0.153219
122.47,-8.35042,-4.40504,-0.268133
122.58,-8.1972,-4.51995,0.268133
122.68,-7.96737,-4.67317,-0.383047
122.79,-7.54602,-4.78809,-0.881008
122.89,-7.89076,-4.32843,-0.612875
123.00,-10.6487,-3.83047,1.6471
123.10,-19.612,-7.89076,3.14098
123.20,-4.13691,-2.4898,-1.14914
123.31,-3.94538,0.804398,-4.25182
123.41,2.4515,0.114914,-1.11084
123.51,-16.6625,-1.95354,6.05214
123.62,-24.017,-6.05214,9.30804
123.72,-13.0619,-5.78401,0.497961
123.82,1.53219,2.68133,-3.67725
123.93,4.78809,2.41319,-1.95354
124.03,4.51995,0.0766094,2.22167
124.13,-28.8817,-5.36266,9.88261
124.24,-13.7131,-6.28197,3.48573
124.34,-2.4898,-0.497961,-0.229828
124.44,4.78809,2.98777,-0.766094
124.55,-2.41319,3.10268,1.57049
124.65,-16.969,-1.83862,5.09452
124.75,-15.8198,-3.63894,2.98777
124.86,-9.38465,-1.76202,1.34066
124.96,-9.03991,-1.41727,0.229828
125.06,-8.73347,-2.60472,0.612875
125.17,-8.1972,-3.94538,0.689484
125.27,-8.46534,-4.29012,0.842703
125.38,-8.58025,-4.40504,0.689484
125.48,-8.50364,-2.75794,0.306437
125.58,-7.20128,-6.35858,-0.536266
125.69,-8.08229,-5.86062,-0.65118
125.79,-6.32027,-7.04806,-1.37897
125.89,-6.24366,-7.04806,-2.52811
126.00,-5.09452,-8.12059,-2.91116
126.10,-4.9413,-8.04398,-1.41727
126.20,-4.97961,-6.01384,-4.36673
126.31,-4.67317,-7.58433,-3.48573
126.42,-7.3928,-6.24366,-1.72371
126.52,-5.43926,-7.85246,-2.22167
126.63,-5.43926,-6.35858,-1.87693
126.73,-5.05622,-6.39688,-2.37489
126.83,-5.17113,-7.58433,-0.766094
126.93,-5.17113,-11.1467,-3.06437
127.04,-6.01384,-8.35042,-3.10268
127.14,-5.93723,-6.32027,-2.33659
127.24,-5.20944,-5.24774,-2.52811
127.35,-5.59248,-4.97961,-0.957617
127.45,-8.61855,-5.66909,-0.881008
127.55,-8.77177,-8.92499,-4.13691
127.66,-5.7074,-7.3545,-2.37489
127.76,-3.40912,-7.3545,-3.37081
127.86,-5.97553,-6.16705,-3.33251
127.97,-6.01384,-7.12467,-3.06437
128.07,-5.51587,-8.65686,-3.37081
128.17,-6.39688,-5.28605,-3.94538
128.28,-5.55418,-6.35858,-2.52811
128.38,-6.28197,-5.05622,-2.79624
128.49,-7.58433,-5.28605,-3.75386
128.59,-7.69924,-5.47757,-3.17929
128.69,-7.54602,-5.01791,-3.83047
128.79,-7.77585,-4.63487,-1.99184
128.90,-7.85246,-3.94538,-1.45558
129.00,-7.73755,-6.35858,-4.25182
129.11,-5.01791,-9.53786,-5.51587
129.21,-2.4515,-7.00976,-2.87285
129.31,-2.37489,-6.09044,-1.95354
129.42,-6.43519,-5.40096,-1.26405
129.52,-10.304,-5.43926,-0.459656
129.62,-7.04806,-6.01384,-1.30236
129.72,-8.58025,-7.08637,-1.87693
129.83,-6.35858,-5.89892,-2.03015
129.93,-4.74978,-7.54602,-2.22167
130.04,-4.82639,-7.85246,-2.64302
130.15,-6.05214,-6.66501,-2.4898
130.25,-5.05622,-7.43111,-3.17929
130.35,-5.01791,-8.00568,-2.75794
130.46,-4.903,-7.00976,-2.10676
130.56,-6.28197,-6.39688,-2.14506
130.66,-5.66909,-6.43519,-2.91116
130.77,-5.93723,-7.27789,-1.72371
130.87,-6.20536,-7.3928,-2.41319
130.97,-5.20944,-8.65686,-2.98777
131.08,-4.78809,-7.66094,-2.18337
131.18,-4.63487,-6.58841,-1.18745
131.28,-4.0986,-5.01791,-1.91523
131.39,-9.38465,-7.00976,-0.842703
131.49,-2.29828,-4.903,-0.995922
131.59,-6.74162,-8.69516,-0.229828
131.70,-6.97145,-9.46126,-0.229828
131.80,-7.50772,-6.74162,-2.87285
131.91,-2.94946,-9.23143,1.37897
132.01,-5.43926,-6.35858,-3.2559
132.11,-3.10268,-9.07821,-1.30236
132.22,-3.71555,-6.5118,-3.63894
132.32,-3.10268,-9.07821,-3.37081
132.42,-4.29012,-7.50772,-3.90708
132.53,-4.0603,-7.77585,-3.40912
132.63,-4.74978,-6.97145,-3.94538
132.73,-5.17113,-7.16298,-4.67317
132.84,-5.63079,-6.12875,-3.2559
132.94,-6.89484,-6.5118,-3.98369
133.04,-5.86062,-6.28197,-1.87693
133.15,-5.47757,-7.58433,-2.98777
133.25,-3.37081,-11.2616,-4.0986
133.35,-3.48573,-8.1972,-2.29828
133.46,-3.79216,-7.08637,-1.53219
133.56,-8.35042,-5.01791,-1.80032
133.67,-6.32027,-5.66909,-1.6471
133.77,-8.31211,-6.32027,-1.53219
133.88,-6.66501,-6.24366,-1.87693
133.98,-8.42703,-6.5501,-2.75794
134.08,-6.5501,-6.32027,-2.14506
134.19,-5.7457,-7.04806,-2.14506
134.29,-4.21351,-8.23551,-3.14098
134.39,-4.51995,-8.12059,-2.14506
134.50,-4.21351,-6.97145,-4.21351
134.60,-4.29012,-7.69924,-3.75386
134.70,-3.90708,-7.69924,-3.56234
134.81,-4.02199,-7.50772,-4.02199
134.91,-4.13691,-7.73755,-3.71555
135.01,-3.67725,-7.50772,-3.86877
135.12,-4.86469,-7.69924,-3.06437
135.22,-4.40504,-7.69924,-4.36673
135.33,-4.13691,-8.00568,-2.06845
135.43,-2.29828,-8.92499,-2.14506
135.53,-1.57049,-9.65278,-2.4898
135.64,-1.95354,-10.0358,-2.91116
135.74,-3.71555,-8.92499,-2.71963
135.84,-3.90708,-7.96737,-2.98777
135.95,-3.71555,-6.01384,-2.18337
136.05,-3.83047,-4.78809,-1.6088
136.15,-4.51995,-7.31619,-1.91523
136.26,-5.47757,-6.43519,-1.87693
136.36,-5.97553,-6.89484,-2.03015
136.46,-6.09044,-7.00976,-2.4515
136.57,-6.09044,-7.3545,-2.41319
136.67,-3.33251,-7.85246,-3.71555
136.78,-4.48165,-6.85654,-4.0603
136.88,-4.74978,-7.54602,-3.79216
136.98,-4.48165,-7.54602,-3.37081
137.08,-4.02199,-6.85654,-5.43926
137.19,-4.74978,-7.20128,-3.56234
137.29,-5.13283,-7.08637,-3.71555
137.40,-5.28605,-7.00976,-1.87693
137.51,-4.13691,-7.77585,-1.6471
137.61,-4.40504,-8.31211,-2.4515
137.71,-3.79216,-9.38465,-2.18337
137.82,-4.0603,-8.96329,-1.57049
137.92,-3.44742,-7.96737,-1.6471
138.02,-8.04398,-6.16705,-1.83862
138.13,-6.24366,-5.82231,-1.41727
138.23,-11.7978,-10.189,-1.26405
138.33,-11.5297,-6.47349,-0.881008
138.43,-5.93723,-7.77585,-2.14506
138.54,-5.7457,-8.50364,-2.94946
138.64,-4.36673,-7.20128,-2.98777
138.74,-4.9413,-6.85654,-3.10268
138.85,-4.9413,-7.62263,-3.56234
138.95,-4.29012,-6.93315,-3.33251
139.05,-3.60064,-8.54194,-4.903
139.16,-3.60064,-8.35042,-3.10268
139.26,-3.86877,-7.3928,-3.90708
139.36,-3.98369,-7.58433,-3.48573
139.47,-4.29012,-7.50772,-2.79624
139.57,-4.40504,-7.04806,-2.75794
139.67,-4.40504,-7.62263,-1.80032
139.78,-3.63894,-8.92499,-2.03015
139.88,-3.10268,-10.0358,-2.18337
139.99,-3.37081,-8.61855,-1.6088
140.09,-3.2559,-8.1972,-1.57049
140.19,-5.20944,-6.28197,-1.30236
140.30,-6.12875,-5.93723,-0.612875
140.40,-6.05214,-6.81823,-0.804398
140.50,-6.28197,-7.20128,-0.919312
140.61,-5.20944,-7.77585,-1.34066
140.71,-4.74978,-7.04806,-1.53219
140.81,-6.09044,-7.31619,-1.72371
140.92,-4.74978,-7.46941,-2.25998
141.03,-4.29012,-7.89076,-2.52811
141.13,-3.56234,-8.54194,-1.80032
141.24,-3.48573,-7.66094,-2.68133
141.34,-4.17521,-7.62263,-4.55826
141.44,-3.33251,-9.53786,-3.63894
141.55,-3.14098,-8.08229,-3.52403
141.65,-3.14098,-7.89076,-3.33251
141.75,-2.37489,-7.96737,-3.37081
141.86,-3.33251,-9.61448,-3.10268
141.96,-4.59656,-8.08229,-1.91523
142.06,-4.74978,-6.58841,-2.94946
142.17,-4.86469,-7.58433,-3.48573
142.27,-6.35858,-5.66909,-1.76202
142.37,-5.93723,-6.16705,-1.6471
142.48,-6.35858,-6.5118,-0.995922
142.58,-6.09044,-7.50772,-0.957617
142.68,-5.93723,-5.55418,-2.03015
142.79,-6.16705,-7.69924,-2.68133
142.89,-3.33251,-9.34634,-0.421352
142.99,-6.77993,-6.85654,-0.995922
143.10,-4.29012,-8.92499,-0.995922
143.20,-4.59656,-7.81416,-2.25998
143.30,-4.0986,-7.62263,-1.99184
143.41,-4.02199,-8.00568,-1.68541
143.51,-3.52403,-8.1589,-1.83862
143.61,-3.98369,-8.35042,-2.10676
143.71,-3.94538,-8.1589,-2.71963
143.82,-3.79216,-7.92907,-3.63894
143.92,-4.51995,-7.77585,-2.87285
144.03,-4.51995,-8.00568,-2.4515
144.13,-4.63487,-7.62263,-2.33659
144.23,-4.82639,-7.46941,-1.99184
144.34,-5.40096,-7.3928,-1.80032
144.44,-5.89892,-6.5501,0.0
144.54,-5.78401,-8.84838,-0.766094
144.65,-4.78809,-7.81416,-1.76202
144.76,-4.74978,-6.35858,-1.45558
144.86,-6.24366,-5.97553,-0.306437
144.96,-2.25998,-9.53786,-0.191523
145.07,-6.47349,-7.16298,0.536266
145.17,-6.20536,-8.42703,0.268133
145.27,-5.97553,-7.54602,0.114914
145.38,-5.7457,-7.85246,1.6088
145.48,-5.97553,-6.85654,-0.995922
145.58,-4.02199,-7.3545,-4.51995
145.69,-5.24774,-8.1589,0.268133
145.79,-6.58841,-6.85654,-0.536266
145.90,-6.43519,-6.35858,-2.64302
146.00,-5.43926,-6.70332,-3.98369
146.10,-5.89892,-6.74162,-3.02607
146.21,-5.86062,-6.66501,-3.48573
146.31,-4.82639,-8.84838,-2.94946
146.57,-6.70332,-5.82231,-1.18745
146.68,-5.89892,-7.89076,-2.22167
146.78,-5.93723,-9.19312,-3.83047
146.88,-4.25182,-7.46941,-2.18337
146.99,-2.29828,-6.77993,-1.34066
147.09,-2.22167,-7.92907,-1.07253
147.20,-5.82231,-8.23551,2.64302
147.30,-5.43926,-7.00976,-0.0766094
147.40,-5.40096,-7.66094,-1.45558
147.51,-4.59656,-8.61855,-0.689484
147.61,-5.28605,-7.89076,-1.72371
147.71,-4.55826,-7.3545,-2.56641
147.82,-4.63487,-7.46941,-2.75794
147.92,-4.67317,-7.62263,-2.14506
148.02,-4.71148,-7.04806,-2.91116
148.13,-4.0603,-7.62263,-3.67725
148.23,-4.0603,-7.73755,-4.0603
148.33,-4.9413,-6.62671,-3.21759
148.44,-5.13283,-7.00976,-3.63894
148.55,-4.903,-7.12467,-4.21351
148.65,-4.74978,-7.23959,-3.86877
148.75,-5.24774,-6.43519,-3.86877
148.86,-5.13283,-7.08637,-2.75794
148.96,-4.29012,-7.62263,-2.75794
149.06,-3.40912,-9.0016,-3.71555
149.17,-3.17929,-9.88261,-5.13283
149.27,-4.48165,-6.93315,-2.87285
149.38,-4.0986,-6.43519,-2.68133
149.48,-5.36266,-6.24366,-2.4515
149.58,-5.47757,-5.59248,-1.49388
149.69,-6.89484,-6.97145,-1.53219
149.79,-6.89484,-6.62671,-2.25998
149.89,-6.93315,-6.62671,-2.79624
150.00,-5.97553,-7.43111,-2.18337
150.10,-6.09044,-6.97145,-2.18337
150.20,-4.71148,-6.93315,-3.44742
150.31,-4.44334,-8.42703,-3.14098
150.41,-4.59656,-8.23551,-1.22575
150.51,-4.74978,-6.35858,-3.86877
150.62,-5.32435,-7.08637,-2.06845
150.72,-4.0603,-8.08229,-3.86877
150.82,-5.7074,-7.73755,-4.25182
150.93,-5.78401,-6.35858,-3.94538
151.03,-5.97553,-5.93723,-3.63894
151.13,-5.7457,-5.28605,-3.2559
151.24,-6.28197,-6.05214,-3.37081
151.34,-6.32027,-6.20536,-1.91523
151.44,-6.70332,-7.04806,-2.56641
151.55,-6.58841,-8.65686,-1.22575
151.65,-4.82639,-7.43111,-2.4898
151.75,-5.17113,-7.08637,-2.71963
151.86,-5.09452,-7.12467,-3.17929
151.96,-5.24774,-7.96737,-2.98777
152.06,-5.09452,-7.12467,-1.37897
152.16,-4.59656,-7.66094,-2.18337
152.28,-4.71148,-7.20128,-2.68133
152.38,-3.40912,-10.1124,-1.57049
152.48,-4.44334,-7.27789,-1.6088
152.59,-7.96737,-5.78401,-2.25998
152.69,-4.13691,-9.57617,-0.459656
152.79,-4.21351,-8.42703,-1.68541
152.90,-4.71148,-7.46941,-1.18745
153.00,-4.59656,-7.16298,-2.25998
153.10,-5.59248,-7.23959,-1.87693
153.21,-6.39688,-5.63079,-1.83862
153.31,-6.05214,-7.3928,-3.60064
153.42,-5.28605,-8.31211,-3.56234
153.52,-5.55418,-5.28605,-3.56234
153.62,-6.09044,-4.02199,-3.37081
153.73,-6.43519,-5.66909,-3.98369
153.83,-7.12467,-6.35858,-2.94946
153.93,-7.12467,-13.9046,-6.5118
154.04,-11.1467,-5.05622,-2.91116
154.14,-7.20128,-6.97145,-2.91116
154.24,-7.12467,-7.16298,-3.17929
154.35,-4.48165,-7.04806,-1.53219
154.45,-3.33251,-8.88668,-3.48573
154.55,-3.06437,-8.08229,-3.21759
154.66,-5.17113,-8.00568,-2.4898
154.76,-5.13283,-8.38873,-3.10268
154.86,-2.03015,-8.1972,-2.83455
154.96,-2.03015,-8.73347,-2.33659
155.07,-4.40504,-8.35042,-1.91523
155.17,-4.82639,-8.35042,-1.07253
155.28,-3.48573,-8.42703,-3.10268
155.38,-3.2942,-8.23551,-2.4898
155.48,-3.83047,-6.89484,-3.14098
155.59,-2.37489,-8.84838,-3.14098
155.69,-2.29828,-8.27381,-3.40912
155.79,-3.90708,-7.58433,-1.57049
155.89,-5.01791,-7.85246,-1.83862
156.01,-5.66909,-10.3423,-5.05622
156.11,-5.09452,-7.08637,-3.10268
156.21,-4.63487,-5.86062,-2.29828
156.32,-4.71148,-6.47349,-3.2942
156.42,-4.40504,-6.35858,-2.37489
156.52,-0.114914,-7.54602,-4.51995
156.63,-4.17521,-7.27789,-0.842703
156.73,-4.51995,-8.1589,-3.48573
156.83,-3.83047,-6.66501,-1.45558
156.94,-2.64302,-9.69109,-2.37489
157.04,-2.87285,-8.23551,-2.75794
157.14,-3.63894,-9.03991,-1.49388
157.25,-3.48573,-7.46941,-2.4515
157.35,-4.67317,-8.27381,-0.689484
157.45,-3.63894,-8.42703,-1.99184
157.56,-4.36673,-8.1589,-2.37489
157.66,-4.78809,-7.31619,-2.10676
157.76,-4.67317,-7.54602,-2.06845
157.87,-5.78401,-7.16298,-1.87693
157.97,-5.20944,-7.54602,-2.03015
158.07,-5.86062,-8.69516,-3.79216
158.18,-5.01791,-6.32027,-3.06437
158.28,-5.24774,-5.7074,-2.83455
158.38,-6.93315,-5.86062,-2.60472
158.49,-6.66501,-5.89892,-2.03015
158.59,-6.47349,-6.43519,-3.02607
158.70,-4.82639,-6.09044,-1.99184
158.80,-7.08637,-6.35858,-3.21759
158.90,-6.89484,-6.09044,-3.2559
159.01,-6.77993,-5.20944,-2.06845
159.11,-4.32843,-8.54194,-0.804398
159.21,-3.63894,-7.43111,-2.91116
159.32,-5.24774,-6.81823,-2.79624
159.42,-5.24774,-8.92499,-2.91116
159.52,-2.75794,-8.42703,-2.79624
159.64,-5.36266,-8.12059,-0.842703
159.74,-6.85654,-6.58841,0.114914
159.84,-6.20536,-6.66501,-0.191523
159.95,-6.93315,-7.54602,-1.87693
160.05,-6.09044,-6.35858,-1.45558
160.15,-6.93315,-5.20944,-0.459656
160.26,-6.97145,-5.97553,-0.421352
160.36,-6.20536,-6.58841,-0.65118
160.46,-6.43519,-6.5118,-1.14914
160.57,-7.16298,-6.01384,-1.22575
160.67,-18.8842,-12.3724,-2.41319
160.77,-5.09452,-6.97145,-2.41319
160.88,-4.903,-7.58433,-2.71963
160.98,-5.17113,-7.69924,-3.02607
161.08,-7.16298,-5.43926,-3.17929
161.19,-4.36673,-8.31211,-1.6471
161.29,-5.17113,-7.46941,-2.91116
161.39,-6.16705,-6.74162,-2.75794
161.50,-4.74978,-7.77585,-3.2559
161.60,-5.7074,-7.04806,-3.48573
161.71,-5.63079,-7.89076,-2.52811
161.81,-3.60064,-8.35042,-3.06437
161.91,-4.02199,-7.73755,-3.10268
162.01,-3.94538,-8.04398,-1.72371
162.12,-3.44742,-8.08229,-2.14506
162.22,-4.63487,-7.31619,-0.57457
162.32,-4.59656,-8.77177,-0.268133
162.43,-3.75386,-9.07821,-0.65118
162.53,-4.67317,-7.77585,-0.268133
162.63,-6.28197,-6.47349,0.421352
162.74,-6.12875,-6.89484,0.919312
162.84,-5.97553,-8.77177,-0.229828
162.94,-5.51587,-8.58025,-0.383047
163.05,-6.01384,-6.97145,-0.421352
163.15,-4.97961,-7.00976,-1.03423
163.25,-18.3096,-8.1972,-1.6471
163.37,-4.0986,-7.23959,-1.6088
163.47,-5.47757,-7.58433,-2.83455
163.57,-5.78401,-7.3545,-1.34066
163.68,-5.7074,-8.08229,-3.21759
163.78,-4.78809,-7.96737,-2.60472
163.88,-4.67317,-7.85246,-2.83455
163.99,-4.13691,-7.96737,-2.52811
164.09,-4.32843,-8.12059,-2.18337
164.37,-4.44334,-8.88668,0.0766094
164.47,-0.383047,-10.7253,-0.0766094
164.57,-1.6088,-9.03991,-0.344742
164.68,-2.18337,-7.77585,0.421352
164.78,-3.67725,-8.31211,0.804398
164.88,-4.17521,-7.85246,1.49388
164.99,-4.25182,-8.1589,2.56641
165.09,-3.90708,-8.08229,0.804398
165.19,-3.60064,-8.46534,1.91523
165.30,-3.71555,-8.38873,2.14506
165.40,-6.32027,-7.46941,1.45558
165.50,-6.28197,-7.00976,2.98777
165.61,-6.43519,-6.43519,2.4515
165.71,-5.01791,-7.54602,2.33659
165.81,-4.0603,-8.50364,2.79624
165.92,-3.90708,-8.1589,1.6471
166.02,-4.9413,-8.50364,0.229828
166.12,-4.903,-6.85654,-1.41727
166.23,-6.35858,-8.1589,-0.65118
166.33,-4.86469,-7.50772,-1.76202
166.43,-4.71148,-7.00976,-1.6088
166.54,-4.97961,-6.85654,-1.18745
166.64,-5.78401,-8.12059,0.0766094
166.74,-5.66909,-8.08229,0.153219
166.85,-5.20944,-7.62263,-0.191523
166.95,-5.20944,-7.77585,-0.268133
167.05,-4.29012,-7.92907,-0.114914
167.16,-3.2559,-8.92499,-0.344742
167.27,-3.06437,-9.46126,0.727789
167.37,-3.14098,-8.65686,0.612875
167.48,-4.82639,-7.92907,0.57457
167.58,-4.55826,-8.42703,0.881008
167.68,-4.59656,-8.04398,0.612875
167.79,-4.86469,-7.77585,0.383047
167.89,-4.25182,-8.04398,0.57457
168.00,-4.44334,-8.50364,0.459656
168.10,-4.59656,-8.46534,2.56641
168.20,-6.05214,-6.62671,0.995922
168.31,-5.66909,-7.43111,1.26405
168.41,-5.36266,-7.89076,1.57049
168.51,-5.36266,-7.96737,0.65118
168.62,-5.24774,-7.81416,0.268133
168.72,-6.70332,-7.3928,0.306437
168.82,-6.43519,-6.58841,-0.766094
168.93,-6.5501,-5.32435,-0.995922
169.03,-5.59248,-7.50772,-2.29828
169.13,-5.28605,-7.04806,-3.83047
169.24,-6.01384,-5.28605,-2.41319
169.34,-5.20944,-6.32027,-1.49388
169.44,-4.44334,-7.27789,-2.68133
169.54,-6.39688,-7.27789,-2.10676
169.65,-6.12875,-6.85654,-1.45558
169.75,-3.98369,-7.58433,-2.64302
169.86,-2.22167,-7.66094,-6.01384
169.96,-4.903,-13.1002,8.54194
170.06,-4.51995,-9.38465,-2.37489
170.17,-3.52403,-8.1972,-1.91523
170.27,-2.60472,-8.96329,-0.421352
170.37,-2.94946,-8.77177,-0.957617
170.48,-2.94946,-8.69516,-1.72371
170.58,-3.33251,-8.50364,-1.72371
170.68,-3.44742,-8.1589,-1.53219
170.79,-3.71555,-8.1589,-1.83862
170.90,-3.71555,-8.65686,-1.6471
171.00,-3.86877,-8.04398,-1.37897
171.10,-4.29012,-8.46534,-1.6471
171.21,-3.2559,-9.42295,-3.90708
171.31,-4.51995,-7.92907,-2.94946
171.42,-4.59656,-7.04806,-3.2559
171.52,-5.24774,-7.31619,-4.44334
171.62,-5.32435,-5.51587,-3.17929
171.73,-4.29012,-5.78401,-2.83455
171.83,-3.44742,-6.74162,-2.64302
171.93,-6.74162,-9.03991,-2.94946
172.04,-5.28605,-7.54602,-1.6471
172.14,4.17521,-14.4792,-3.44742
172.24,-3.75386,-7.66094,-3.06437
172.34,-1.76202,-10.5338,-0.65118
172.45,-1.49388,-8.81008,-1.53219
172.55,-4.02199,-7.85246,-4.17521
172.65,-2.91116,-8.08229,-1.83862
172.76,-2.68133,-9.23143,-0.842703
172.86,-3.98369,-8.31211,-1.68541
172.96,-3.83047,-8.65686,-1.18745
173.07,-4.17521,-8.42703,-1.68541
173.17,-4.29012,-8.04398,-2.14506
173.28,-4.82639,-8.1972,-2.25998
173.38,-4.71148,-7.85246,-2.91116
173.48,-4.55826,-7.69924,-2.64302
173.59,-4.59656,-7.3545,-2.22167
173.69,-4.48165,-7.85246,-2.18337
173.79,-3.98369,-7.69924,-2.60472
173.90,-4.55826,-7.43111,-2.37489
174.00,-5.7074,-7.12467,-2.4898
174.10,-5.63079,-7.12467,-2.52811
174.21,-5.7074,-8.35042,-3.79216
174.31,-5.43926,-6.97145,-3.44742
174.42,-5.51587,-5.47757,-3.33251
174.52,-5.51587,-5.66909,-3.17929
174.63,-5.36266,-6.5118,-2.68133
174.73,-5.93723,-6.58841,-1.37897
174.84,-6.16705,-7.50772,-1.6088
174.94,-4.78809,-9.0016,-1.6088
175.04,-4.0986,-8.23551,-1.68541
175.15,-3.67725,-8.27381,-1.07253
175.25,-4.21351,-7.92907,-2.03015
175.35,-4.63487,-7.16298,-1.99184
175.46,-3.56234,-8.69516,-1.34066
175.56,-4.86469,-9.11651,2.06845
175.66,-4.32843,-7.77585,-2.25998
175.77,-5.20944,-7.85246,-2.91116
175.87,-3.48573,-9.46126,-0.612875
175.97,-3.56234,-8.23551,-1.87693
176.08,-3.56234,-8.58025,-2.37489
176.18,-4.13691,-8.12059,-1.45558
176.28,-4.59656,-7.04806,-1.57049
176.39,-5.47757,-6.32027,-2.79624
176.49,-5.24774,-7.08637,-2.91116
176.59,-6.28197,-7.89076,-4.44334
176.70,-4.86469,-7.20128,-2.75794
176.80,-6.35858,-5.97553,-3.48573
176.90,-6.62671,-5.43926,-3.33251
177.01,-6.32027,-5.36266,-3.21759
177.11,-6.16705,-5.24774,-2.68133
177.21,-6.32027,-4.9413,-1.26405
177.32,-6.74162,-6.66501,-1.68541
177.42,-14.4409,-12.947,-1.57049
177.52,-6.70332,-7.43111,-0.804398
177.63,-6.85654,-8.42703,-0.268133
177.73,-5.43926,-7.31619,-0.153219
177.83,-5.55418,-7.16298,-0.842703
177.94,-7.31619,-7.00976,0.689484
178.04,-7.08637,-8.96329,-0.0766094
178.14,-6.20536,-7.08637,-0.459656
178.25,-7.08637,-6.28197,-0.268133
178.36,-4.44334,-9.03991,0.612875
178.46,-3.86877,-8.88668,-1.6471
178.57,-4.25182,-8.00568,-2.56641
178.67,-2.94946,-8.73347,-0.383047
178.77,-2.29828,-8.92499,-2.4898
178.88,-4.02199,-8.42703,-0.957617
178.98,-4.63487,-7.54602,-1.49388
179.08,-5.36266,-5.93723,-2.71963
179.18,-5.36266,-9.38465,-4.903
179.29,-5.01791,-8.1589,-4.21351
179.39,-4.86469,-6.85654,-3.10268
179.49,-5.28605,-6.74162,-2.75794
179.60,-6.12875,-6.81823,-2.56641
179.70,-6.32027,-7.04806,-0.881008
179.80,-3.48573,-8.1972,-1.34066
179.91,-1.57049,-7.00976,-1.03423
180.01,-3.52403,-9.72939,-0.114914
180.11,-1.14914,-9.53786,-0.421352
180.22,-3.86877,-7.66094,-0.612875
180.32,-5.32435,-7.66094,-0.383047
180.43,-2.60472,-8.42703,1.76202
180.53,-3.44742,-9.07821,-0.268133
180.63,-4.97961,-8.04398,-2.4515
180.74,-5.01791,-10.4572,2.03015
180.84,-3.21759,-9.30804,-1.80032
180.94,-3.2559,-8.31211,-1.22575
181.05,-3.2942,-8.58025,-0.612875
181.15,-4.21351,-8.23551,-0.383047
181.25,-4.903,-6.66501,-0.842703
181.36,-6.01384,-6.35858,-2.37489
181.46,-6.09044,-9.30804,-4.74978
181.56,-4.71148,-7.92907,-2.79624
181.67,-6.28197,-6.01384,-1.22575
181.77,-6.85654,-5.40096,-0.421352
181.87,-6.81823,-5.66909,-0.957617
181.98,-6.74162,-7.31619,-1.11084
182.09,-6.12875,-5.89892,-0.344742
182.19,-4.9413,-7.23959,-1.30236
182.29,-4.36673,-8.73347,-0.766094
182.40,-3.94538,-8.23551,-2.14506
182.50,-4.02199,-7.81416,-2.37489
182.60,-4.71148,-8.1972,-1.14914
182.71,-6.70332,-8.31211,2.98777
182.81,-6.85654,-8.08229,-1.49388
182.91,-4.21351,-8.61855,-0.497961
183.02,-4.903,-8.08229,-1.68541
183.12,-5.13283,-6.97145,-1.22575
183.22,-5.43926,-8.00568,-1.45558
183.33,-5.17113,-8.73347,-1.76202
183.43,-5.78401,-7.3928,-0.766094
183.53,-5.7457,-7.31619,-2.56641
183.64,-4.82639,-8.31211,-1.18745
183.74,-5.55418,-7.69924,-1.03423
183.84,-5.78401,-7.00976,-1.87693
183.95,-5.47757,-7.20128,-3.56234
184.05,-4.44334,-8.23551,-4.82639
184.16,-4.78809,-7.46941,-5.01791
184.26,-4.40504,-6.97145,-4.59656
184.36,-4.0603,-6.05214,-3.98369
184.47,-4.97961,-6.35858,-4.44334
184.57,-5.36266,-6.70332,-3.71555
184.67,-4.78809,-8.31211,-2.71963
184.78,-4.903,-8.77177,-1.57049
184.88,-3.71555,-7.66094,-1.14914
184.98,-0.689484,-8.23551,-1.07253
185.08,-0.383047,-8.81008,-2.37489
185.19,-3.75386,-8.73347,-1.99184
185.29,-3.44742,-8.77177,-0.306437
185.39,-3.2559,-8.69516,-1.68541
185.50,-3.2559,-9.38465,-0.727789
185.60,-3.21759,-8.65686,-1.6471
185.71,-3.21759,-8.73347,-1.6471
185.82,-4.48165,-8.12059,-1.6471
185.92,-4.25182,-9.03991,-0.612875
186.02,-3.02607,-8.50364,-1.53219
186.13,-3.60064,-8.84838,-0.995922
186.23,-3.56234,-8.46534,-0.612875
186.33,-4.0986,-8.50364,-1.07253
186.44,-4.40504,-7.66094,-1.14914
186.54,-4.51995,-7.46941,-1.83862
186.64,-6.32027,-7.77585,-0.383047
186.75,-5.82231,-8.12059,-0.57457
186.85,-6.12875,-7.96737,-0.957617
186.95,-6.74162,-7.43111,-1.34066
187.06,-6.58841,-6.16705,-0.114914
187.16,-6.5501,-6.47349,0.306437
187.26,-5.20944,-7.89076,0.421352
187.37,-5.13283,-7.00976,0.344742
187.47,-4.21351,-7.46941,1.14914
187.57,-5.40096,-8.00568,2.06845
187.67,-5.20944,-7.54602,0.497961
187.78,-5.17113,-7.31619,0.114914
187.88,-5.78401,-7.96737,1.57049
187.98,-5.40096,-7.23959,1.11084
188.09,-4.78809,-8.1972,1.49388
188.19,-5.13283,-7.73755,1.14914
188.29,-5.20944,-7.3928,-0.191523
188.40,-5.93723,-7.23959,0.497961
188.50,-6.5118,-6.5118,0.459656
188.60,-6.43519,-7.50772,-1.14914
188.71,-5.89892,-7.77585,-2.68133
188.81,-6.05214,-6.43519,-2.79624
188.91,-6.47349,-5.7457,-3.44742
189.02,-6.70332,-5.63079,-2.71963
189.12,-6.58841,-5.24774,-2.4515
189.22,-6.62671,-5.86062,-2.33659
189.33,-6.97145,-6.58841,-1.83862
189.44,-7.43111,-7.16298,-2.29828
189.54,-6.12875,-6.58841,-2.33659
189.65,-5.78401,-6.89484,-2.14506
189.75,-6.47349,-7.66094,-2.29828
189.85,-6.5118,-6.32027,-0.459656
189.96,-5.17113,-8.38873,-0.0383047
190.06,-5.13283,-8.46534,-0.383047
190.16,-3.90708,-7.81416,-1.07253
190.27,-5.05622,-8.04398,-0.65118
190.37,-4.71148,-7.89076,0.229828
190.47,-4.59656,-8.27381,-0.57457
190.58,-4.02199,-8.46534,-0.383047
190.68,-3.14098,-8.73347,-0.727789
190.78,-4.82639,-8.58025,-0.306437
190.89,-6.12875,-7.58433,-0.153219
190.99,-4.67317,-7.92907,-1.26405
191.09,-4.21351,-9.11651,0.268133
191.20,-4.29012,-8.69516,-1.37897
191.30,-4.97961,-8.08229,-1.41727
191.40,-4.67317,-7.12467,-1.87693
191.51,-6.05214,-6.01384,-1.72371
191.61,-7.31619,-8.88668,-4.25182
191.71,-5.05622,-6.93315,-4.29012
191.82,-5.17113,-5.28605,-3.60064
191.92,-5.01791,-5.05622,-2.37489
192.02,-6.20536,-7.04806,-2.87285
192.13,-4.55826,-7.66094,-1.34066
192.23,-9.806,-12.3724,-3.98369
192.33,-5.40096,-6.77993,-1.07253
192.43,-4.0986,-8.04398,-1.03423
192.54,-3.86877,-9.15482,-0.306437
192.64,-3.83047,-9.49956,-0.459656
192.74,-2.71963,-8.50364,-0.957617
192.85,-4.59656,-8.1972,-1.41727
192.95,-5.7457,-8.69516,0.268133
193.06,-5.63079,-7.54602,0.957617
193.17,-5.63079,-6.66501,-0.612875
193.27,-6.09044,-7.23959,1.99184
193.37,-6.35858,-7.23959,-2.10676
193.48,-4.40504,-8.1972,-0.497961
193.58,-5.51587,-8.46534,0.497961
193.68,-4.71148,-7.69924,-0.306437
193.79,-4.903,-7.73755,-0.306437
193.89,-5.24774,-7.81416,-0.421352
193.99,-6.12875,-6.70332,-1.07253
194.10,-5.93723,-6.5118,-3.90708
194.20,-5.09452,-9.03991,-4.25182
194.30,-6.81823,-6.01384,-1.99184
194.41,-5.78401,-3.14098,-2.29828
194.51,-6.77993,-6.35858,-3.2559
194.61,-7.31619,-7.50772,-2.06845
194.72,-5.32435,-5.55418,0.0
194.82,-6.66501,-8.27381,-0.766094
194.92,-5.17113,-7.50772,-0.766094
195.03,-4.36673,-8.31211,-1.03423
195.13,-4.36673,-8.23551,-1.34066
195.23,-4.32843,-7.58433,-0.229828
195.34,-6.12875,-7.43111,-0.114914
195.44,-4.48165,-7.92907,0.383047
195.54,-4.86469,-7.73755,0.0766094
195.65,-5.63079,-7.96737,0.0383047
195.75,-4.74978,-7.50772,-0.229828
195.85,-3.94538,-8.23551,-0.191523
195.96,-5.20944,-8.69516,-0.65118
196.06,-5.13283,-7.77585,-0.957617
196.17,-6.5501,-6.85654,-0.766094
196.27,-6.89484,-6.05214,-0.957617
196.37,-7.20128,-5.82231,-2.60472
196.48,-6.35858,-8.38873,-5.82231
196.58,-4.25182,-7.08637,-4.44334
196.68,-4.29012,-5.55418,-2.60472
196.79,-9.49956,-8.1589,-4.903
196.90,-8.00568,-6.62671,-3.10268
197.00,-6.09044,-6.47349,-2.25998
197.11,-6.5501,-6.97145,-3.10268
197.21,-6.66501,-7.16298,-0.57457
197.31,-6.81823,-8.12059,-2.71963
197.42,-1.76202,-9.03991,-2.37489
197.52,-2.22167,-9.72939,-2.52811
197.63,-2.98777,-7.54602,-3.37081
197.73,-3.14098,-7.58433,-1.76202
197.83,-1.11084,-10.3806,0.804398
197.93,-3.48573,-8.08229,0.191523
198.04,-3.48573,-9.53786,-0.689484
198.14,-2.06845,-9.42295,-0.995922
198.25,-4.21351,-7.81416,-0.229828
198.35,-4.48165,-8.08229,0.268133
198.45,-3.67725,-8.23551,-0.114914
198.55,-3.02607,-8.00568,-1.37897
198.66,-3.21759,-9.38465,-2.87285
198.76,-3.94538,-9.46126,-3.02607
198.87,-4.25182,-7.31619,-2.64302
198.97,-5.09452,-5.93723,-2.91116
199.07,-5.17113,-4.9413,-1.6471
199.17,-7.3545,-6.20536,-0.65118
199.28,-6.85654,-8.12059,-0.421352
199.38,-6.39688,-7.3545,0.612875
199.49,-6.58841,-7.16298,0.612875
199.59,-3.06437,-7.12467,0.383047
199.69,-4.25182,-8.04398,-0.344742
199.79,-3.75386,-8.69516,0.114914
199.90,-4.36673,-8.46534,0.804398
200.00,-3.10268,-7.81416,-1.95354
200.11,-3.2942,-8.08229,0.0
200.21,-4.59656,-8.58025,1.30236
200.31,-4.9413,-7.89076,-0.0383047
200.42,-3.2942,-9.34634,0.65118
200.53,-4.02199,-8.12059,-0.766094
200.63,-0.957617,-9.38465,0.0766094
200.73,-2.71963,-9.26973,-0.421352
200.84,-2.06845,-9.53786,-0.344742
200.94,1.26405,-9.38465,-0.536266
201.04,1.34066,-9.03991,-3.02607
201.15,-1.87693,-9.46126,-0.153219
201.25,-3.90708,-8.81008,-0.766094
201.35,-1.95354,-9.46126,-1.57049
201.46,-1.76202,-9.0016,-2.22167
201.56,-4.82639,-7.12467,-2.14506
201.67,-5.05622,-6.43519,-2.56641
201.77,-5.97553,-7.73755,-4.21351
201.87,-6.01384,-7.16298,-2.33659
201.98,-5.24774,-7.43111,-3.52403
202.08,-4.0986,-7.12467,-2.4898
202.18,-4.0603,-6.66501,-2.14506
202.29,-5.86062,-6.77993,-0.919312
202.39,-5.93723,-7.92907,-0.804398
202.49,-0.689484,-9.38465,-1.37897
202.60,-5.55418,-8.65686,-2.83455
202.70,-5.28605,-8.65686,0.65118
202.80,-5.63079,-8.88668,-0.57457
202.91,-5.59248,-8.04398,-3.02607
203.01,-3.33251,-8.77177,-1.49388
203.11,-3.98369,-8.04398,-2.4898
203.21,-4.02199,-7.92907,-2.37489
203.32,-3.48573,-8.46534,-1.34066
203.42,-4.21351,-7.96737,-1.87693
203.52,-5.01791,-7.66094,-1.41727
203.63,-5.47757,-6.5501,-2.41319
203.73,-6.05214,-6.16705,-2.71963
203.83,-5.78401,-7.85246,-3.10268
203.94,-6.47349,-7.81416,-3.33251
204.04,-6.5501,-6.35858,-2.98777
204.15,-7.04806,-6.20536,-3.17929
204.26,-7.16298,-5.13283,-1.6088
204.36,-5.7074,-5.93723,-1.26405
204.46,-5.86062,-6.74162,-1.6088
204.57,-5.7457,-6.66501,-0.881008
204.67,-6.12875,-7.62263,-1.53219
204.77,-6.5501,-7.81416,-1.41727
204.87,-5.7457,-7.00976,-1.14914
204.98,-5.43926,-7.16298,0.229828
205.08,-6.05214,-8.31211,-2.14506
205.18,-4.71148,-6.89484,-4.63487
205.29,-2.37489,-10.3806,-2.10676
205.39,-5.13283,-7.89076,-3.06437
205.49,-2.64302,-8.96329,-2.75794
205.60,-2.75794,-8.73347,-1.91523
205.70,-3.98369,-6.89484,-2.98777
205.80,-4.903,-6.47349,-3.2942
205.91,-4.82639,-6.77993,-3.37081
206.01,-4.86469,-7.00976,-3.10268
206.12,-4.903,-7.3928,-3.2559
206.22,-6.05214,-7.04806,-3.83047
206.32,-7.43111,-8.35042,-4.78809
206.43,-7.54602,-6.20536,-3.10268
206.53,-6.58841,-6.81823,-3.21759
206.63,-5.13283,-6.62671,-2.68133
206.74,-4.32843,-7.73755,-2.79624
206.84,-3.10268,-8.73347,-2.33659
206.94,-5.24774,-6.62671,-1.87693
207.04,-5.09452,-7.16298,-1.87693
207.15,-5.09452,-8.1972,-1.22575
207.25,-3.94538,-8.27381,-2.4515
207.36,-3.21759,-8.27381,-2.98777
207.46,-4.29012,-7.85246,-2.25998
207.56,-4.25182,-9.11651,-1.95354
207.67,-1.6471,-8.50364,-3.10268
207.77,-0.268133,-9.19312,-1.83862
207.88,-2.22167,-8.61855,-3.14098
207.99,-1.41727,-8.96329,-2.4898
208.09,-2.14506,-9.11651,-1.6471
208.19,-2.25998,-9.03991,-1.34066
208.30,-2.29828,-8.92499,-2.06845
208.40,-1.34066,-9.11651,-2.83455
208.50,-1.95354,-8.88668,-2.60472
208.61,-1.99184,-8.38873,-1.26405
208.71,-2.87285,-9.806,0.881008
208.81,-0.383047,-9.57617,0.383047
208.92,-0.344742,-9.53786,-0.114914
209.02,-2.37489,-7.66094,-0.804398
209.12,-4.36673,-7.77585,-0.766094
209.23,-5.05622,-8.12059,-0.957617
209.33,-9.806,-9.26973,0.383047
209.43,-9.57617,-8.38873,-0.383047
209.54,-4.78809,-8.12059,-0.65118
209.64,-5.40096,-8.31211,-0.689484
209.74,-4.82639,-7.62263,-0.191523
209.85,-4.71148,-8.38873,0.383047
209.95,-5.20944,-7.85246,-0.344742
210.05,-3.63894,-8.00568,-1.11084
210.16,-3.17929,-8.54194,-1.53219
210.26,-3.14098,-8.54194,-2.52811
210.36,-7.23959,-6.66501,-1.57049
210.47,-3.86877,-8.27381,-3.2559
210.57,-3.40912,-9.07821,-2.33659
210.67,-4.25182,-7.62263,-3.2559
210.78,-3.52403,-7.62263,-4.55826
210.88,-3.56234,-7.3928,-5.24774
210.99,-3.86877,-7.69924,-3.71555
211.09,-3.90708,-7.50772,-3.83047
211.19,-3.60064,-8.42703,-1.6471
211.29,-3.10268,-8.54194,-1.49388
211.40,-4.51995,-8.08229,-0.306437
211.50,-5.32435,-6.16705,0.268133
211.62,-5.66909,-11.9511,-1.76202
211.72,-5.43926,-8.50364,-0.689484
211.82,-5.86062,-5.09452,-0.229828
211.93,-6.58841,-4.82639,-0.804398
212.03,-8.96329,-6.01384,-0.497961
212.13,-4.59656,-6.66501,-0.153219
212.24,-6.32027,-8.69516,0.0
212.34,-5.93723,-6.93315,-1.80032
212.45,-6.24366,-6.47349,-2.94946
212.55,-6.20536,-6.89484,-4.29012
212.65,-3.71555,-7.27789,-2.56641
212.76,-4.67317,-6.58841,-5.28605
212.86,-5.01791,-8.50364,-2.52811
212.96,-5.47757,-6.32027,-4.40504
213.07,-5.28605,-6.47349,-3.90708
213.17,-6.47349,-5.55418,-2.94946
213.27,-7.12467,-6.05214,-2.06845
213.38,-7.00976,-7.96737,-2.18337
213.48,-6.20536,-9.69109,-3.60064
213.58,-4.63487,-8.27381,-2.60472
213.69,-4.36673,-7.12467,-2.03015
213.79,-3.90708,-6.28197,-1.6471
213.89,-3.98369,-5.43926,-0.804398
213.99,-7.92907,-6.20536,-0.459656
214.10,-8.00568,-11.185,-3.44742
214.20,-5.7074,-7.43111,-1.34066
214.30,-5.7074,-8.1589,-2.91116
214.41,-5.59248,-6.93315,-3.90708
214.51,-5.55418,-8.73347,-0.268133
214.61,-6.09044,-6.77993,-2.33659
214.72,-6.12875,-7.66094,-2.94946
214.82,-3.75386,-8.38873,-2.68133
214.92,-4.82639,-7.58433,-3.94538
215.03,-4.59656,-7.20128,-4.40504
215.13,-4.48165,-7.62263,-5.13283
215.24,-3.40912,-7.96737,-3.33251
215.35,-2.87285,-7.16298,-5.43926
215.45,-2.98777,-8.08229,-3.94538
215.56,-4.51995,-7.3545,-3.52403
215.66,-5.13283,-7.20128,-3.48573
215.76,-5.7457,-6.35858,-2.22167
215.87,-3.71555,-7.77585,-2.91116
215.97,-2.83455,-9.42295,-3.90708
216.07,-2.10676,-9.61448,-3.2559
216.18,-2.14506,-9.0016,-2.18337
216.28,-2.91116,-7.08637,-1.72371
216.38,-5.24774,-6.39688,-2.56641
216.49,-5.51587,-6.62671,-1.99184
216.59,-7.3928,-8.1589,-1.6471
216.69,-7.23959,-7.04806,-1.91523
216.79,-6.09044,-8.58025,-1.49388
216.90,-5.89892,-7.96737,-2.41319
217.00,-4.63487,-7.58433,-2.41319
217.11,-4.55826,-7.16298,-2.71963
217.21,-2.60472,-8.42703,-1.80032
217.31,-2.4898,-8.54194,-2.71963
217.42,-1.6471,-8.46534,-3.33251
217.52,-3.86877,-7.81416,-3.10268
217.63,-1.6088,-9.46126,-1.45558
217.73,-1.18745,-8.92499,-3.60064
217.83,-0.689484,-8.96329,-3.44742
217.93,-2.22167,-8.38873,-3.40912
218.04,-2.37489,-7.69924,-2.98777
218.14,-2.91116,-5.24774,-1.95354
218.24,-2.91116,-8.58025,-2.71963
218.35,-2.06845,-10.6487,-3.75386
218.45,-3.2559,-9.07821,-3.63894
218.55,-3.44742,-8.27381,-3.21759
218.66,-3.44742,-7.08637,-1.41727
218.76,-3.52403,-5.32435,-1.22575
218.86,-7.16298,-7.85246,-1.76202
218.97,-5.93723,-7.31619,-0.804398
219.08,-6.16705,-6.81823,-1.18745
219.18,-5.47757,-9.92091,-2.25998
219.28,-5.01791,-7.46941,-2.18337
219.39,-5.28605,-7.73755,-2.60472
219.49,-5.32435,-8.08229,-2.10676
219.59,-3.60064,-8.50364,-2.83455
219.70,-3.10268,-7.77585,-3.60064
219.80,-4.29012,-8.04398,-2.41319
219.90,-4.0986,-7.73755,-2.64302
220.01,-2.91116,-8.23551,-4.44334
220.11,-3.02607,-9.34634,-2.14506
220.21,-3.67725,-7.31619,-4.25182
220.32,-3.2559,-8.08229,-3.48573
220.42,-2.71963,-8.23551,-4.32843
220.53,-2.68133,-7.89076,-4.17521
220.63,-3.75386,-8.08229,-3.48573
220.73,-4.0603,-7.69924,-1.6471
220.83,-4.903,-7.27789,-1.57049
220.94,-5.17113,-7.31619,-1.99184
221.04,-4.44334,-8.12059,-1.91523
221.14,-4.02199,-9.806,-1.99184
221.25,-4.97961,-8.50364,-1.22575
221.35,-6.09044,-6.35858,-0.995922
221.46,-6.05214,-5.01791,-0.65118
221.56,-6.66501,-4.9413,-0.383047
221.66,-7.73755,-5.24774,0.229828
221.76,-8.12059,-5.82231,-0.0766094
221.87,-8.00568,-6.85654,-0.919312
221.97,-6.5501,-7.43111,-1.26405
222.07,-5.82231,-6.89484,-1.68541
222.18,-5.59248,-7.31619,-1.76202
222.28,-5.05622,-6.81823,-2.83455
222.38,-5.01791,-7.62263,-2.79624
222.49,-4.67317,-7.58433,-3.17929
222.60,-3.75386,-8.04398,-3.17929
222.70,-3.33251,-7.69924,-4.55826
222.81,-3.40912,-8.04398,-4.51995
222.91,-3.2942,-7.3545,-5.01791
223.01,-3.48573,-7.31619,-5.09452
223.12,-3.21759,-7.69924,-3.63894
223.22,-0.995922,-8.46534,-2.68133
223.33,-1.07253,-9.19312,-2.98777
223.43,-3.67725,-7.12467,-1.6088
223.53,-4.86469,-6.74162,-1.87693
223.63,-6.70332,-10.6487,-2.79624
223.74,-4.55826,-7.3928,-2.71963
223.84,-5.47757,-6.35858,-2.41319
223.95,-5.47757,-5.28605,-2.06845
224.05,-6.47349,-5.28605,-0.65118
224.15,-6.32027,-7.69924,-0.536266
224.25,-0.919312,-7.58433,-2.33659
224.36,-4.25182,-7.81416,-2.33659
224.46,-4.29012,-7.31619,-3.37081
224.56,-4.63487,-8.38873,-2.18337
224.67,-4.44334,-8.38873,-2.22167
224.77,-2.98777,-8.12059,-3.52403
224.87,-2.94946,-8.23551,-3.40912
224.98,-2.29828,-8.35042,-3.75386
225.08,-2.33659,-8.65686,-2.68133
225.18,-2.29828,-8.96329,-3.33251
225.29,-1.95354,-9.19312,-3.94538
225.39,-1.87693,-8.61855,-1.30236
225.49,0.153219,-10.2273,0.536266
225.60,0.191523,-9.49956,1.14914
225.70,-3.75386,-7.16298,0.421352
225.81,-0.497961,-8.38873,-0.459656
225.91,-3.63894,-10.6104,-0.727789
226.01,-4.59656,-7.62263,-0.65118
226.12,-5.20944,-6.32027,-0.0766094
226.22,-5.51587,-6.43519,0.0
226.33,-5.17113,-8.31211,0.0383047
226.43,-4.9413,-8.77177,-0.268133
226.54,-3.75386,-7.46941,-0.153219
226.64,-3.75386,-7.66094,-0.689484
226.75,-3.90708,-7.73755,-1.6088
226.85,-1.53219,-9.57617,-2.25998
226.95,-4.0986,-9.19312,0.804398
227.05,-2.56641,-8.35042,-2.33659
227.16,-2.4515,-8.58025,-2.98777
227.26,-1.53219,-8.69516,-2.98777
227.36,-3.14098,-8.1589,-2.98777
227.47,-3.17929,-8.08229,-3.40912
227.57,-2.06845,-8.65686,-3.48573
227.67,-2.25998,-8.23551,-3.52403
227.78,-1.91523,-8.1972,-4.0986
227.88,-0.919312,-8.77177,-4.0986
227.98,-1.6088,-8.23551,-3.44742
228.09,-1.83862,-8.84838,-1.57049
228.19,-1.72371,-8.88668,-1.34066
228.30,-1.6088,-9.0016,-0.459656
228.40,-0.536266,-9.53786,-1.30236
228.50,-0.689484,-10.6487,-1.72371
228.61,-0.689484,-9.26973,-0.344742
228.71,-2.03015,-7.89076,0.727789
228.81,-2.22167,-10.1124,-1.45558
228.92,-4.13691,-8.61855,-1.37897
229.02,-3.37081,-6.66501,-0.229828
229.12,-4.86469,-6.5118,-0.995922
229.23,-2.18337,-9.65278,-2.52811
229.33,-2.4515,-8.04398,-2.83455
229.43,-2.56641,-8.08229,-3.10268
229.54,-1.72371,-9.99752,-2.98777
229.64,-0.536266,-9.49956,-1.95354
229.74,-1.57049,-9.46126,-1.80032
229.85,-1.6088,-8.88668,-3.2559
229.95,-1.26405,-8.54194,-3.2559
230.06,-1.07253,-8.65686,-3.21759
230.16,-2.60472,-8.1589,-2.18337
230.27,-4.71148,-8.1589,-1.22575
230.37,-3.83047,-6.97145,-1.45558
230.47,-2.41319,-9.42295,-0.536266
230.58,-2.64302,-8.88668,-0.612875
230.68,-3.17929,-8.50364,-0.536266
230.79,-3.2942,-8.81008,-0.344742
230.89,-4.13691,-8.42703,-0.957617
230.99,-5.40096,-8.38873,-1.03423
231.10,-5.93723,-7.92907,-1.30236
231.20,-5.17113,-7.3545,-1.53219
231.30,-5.43926,-6.85654,-1.80032
231.41,-6.20536,-7.31619,-1.37897
231.51,-6.39688,-5.7074,-1.03423
231.61,-8.61855,-10.8785,0.957617
231.72,-6.35858,-7.54602,-1.34066
231.82,-4.36673,-7.92907,-1.68541
231.92,-4.13691,-7.96737,-1.45558
232.03,-4.36673,-7.96737,-2.06845
232.13,-4.44334,-7.69924,-1.95354
232.23,-3.17929,-8.69516,-0.804398
232.33,-3.21759,-8.46534,-2.83455
232.44,-2.68133,-8.73347,-3.2942
232.54,-3.21759,-8.46534,-3.17929
232.64,-3.06437,-8.42703,-3.40912
232.75,-2.4515,-8.35042,-3.56234
232.85,-2.33659,-8.58025,-4.02199
232.95,-1.45558,-8.27381,-4.44334
233.06,-1.49388,-8.69516,-4.0986
233.16,-1.41727,-8.73347,-1.57049
233.26,-2.14506,-9.42295,-0.306437
233.37,-2.91116,-8.65686,-1.22575
233.47,-3.14098,-7.04806,-0.995922
233.58,-5.09452,-7.89076,-2.22167
233.69,-5.55418,-6.5501,-1.91523
233.79,-5.66909,-6.5118,-1.99184
233.89,-5.20944,-6.85654,-1.37897
234.00,-5.55418,-7.54602,-1.57049
234.10,-6.01384,-7.54602,-1.34066
234.20,-4.29012,-9.49956,-1.49388
234.31,-4.78809,-9.76769,-0.804398
234.41,-5.13283,-8.38873,-0.957617
234.51,-3.52403,-8.35042,-2.06845
234.62,-2.64302,-8.27381,-2.68133
234.72,-1.95354,-9.69109,0.153219
234.82,-3.10268,-8.08229,-2.56641
234.93,-3.10268,-8.61855,-2.33659
235.03,-3.40912,-8.08229,-3.63894
235.13,-2.94946,-7.73755,-3.56234
235.24,-3.02607,-8.1972,-4.21351
235.34,-2.68133,-7.50772,-4.55826
235.44,-2.10676,-7.66094,-4.67317
235.55,-2.52811,-7.66094,-4.9413
235.65,-2.52811,-7.04806,-4.55826
235.75,-2.33659,-8.54194,-5.55418
235.85,-1.37897,-9.11651,-2.4515
235.96,0.153219,-8.08229,-4.55826
236.06,0.114914,-8.61855,-3.79216
236.17,0.0,-8.35042,
-3.56234236.27,-0.995922,-8.50364,-3.17929
236.37,-1.45558,-9.03991,-2.56641
236.48,-1.45558,-9.19312,-2.03015
236.58,-1.49388,-8.81008,-2.14506
236.68,-3.14098,-8.46534,-1.76202
236.79,-3.63894,-8.27381,-1.49388
236.89,-3.44742,-8.27381,-1.07253
236.99,-3.37081,-9.49956,-2.4898
237.10,-2.75794,-9.92091,-2.41319
237.20,-3.98369,-8.88668,-2.4898
237.30,-4.0603,-7.46941,-2.37489
237.41,-3.56234,-6.32027,-2.52811
237.52,-4.17521,-7.20128,-2.25998
237.62,-4.13691,-6.70332,-1.91523
237.73,-4.25182,-7.3545,-2.10676
237.83,-5.13283,-8.84838,-2.4515
237.93,-5.32435,-8.77177,-2.4898
238.04,-3.98369,-7.16298,-2.56641
238.14,-4.13691,-10.0358,-1.37897
238.24,-3.40912,-8.77177,-2.03015
238.34,-3.90708,-8.27381,-2.83455
238.45,-5.09452,-8.58025,-0.727789
238.55,-1.6471,-9.49956,-1.99184
238.66,-1.45558,-8.35042,-3.52403
238.76,-2.79624,-8.96329,-1.18745
238.86,-2.56641,-8.65686,-1.41727
238.97,-2.14506,-8.42703,-1.91523
239.07,-3.56234,-8.58025,-1.83862
239.17,-4.86469,-7.81416,-0.957617
239.28,-4.71148,-8.42703,-1.11084
239.38,-5.36266,-6.01384,-2.4515
239.48,-6.70332,-9.49956,-0.497961
239.59,-6.16705,-7.54602,-1.80032
239.69,-5.97553,-6.70332,-1.99184
239.79,-5.20944,-6.43519,-2.4898
239.90,-4.86469,-8.08229,-2.79624
240.00,-4.74978,-8.65686,-2.56641
240.10,-3.75386,-7.81416,-2.37489
240.21,-3.10268,-7.73755,-3.44742
240.31,-2.68133,-9.0016,-2.94946
240.42,-3.37081,-8.42703,-1.99184
240.52,-3.48573,-8.23551,-2.33659
240.62,-4.25182,-7.50772,-2.41319
240.73,-4.17521,-7.31619,-2.68133
240.83,-3.83047,-7.50772,-3.17929
240.93,-3.98369,-7.77585,-2.75794
241.03,-3.94538,-8.96329,-4.48165
241.15,-4.51995,-10.1124,-4.59656
241.25,-5.7074,-6.85654,-4.0603
241.35,-5.82231,-6.70332,-3.79216
241.46,-5.09452,-6.32027,-3.90708
241.56,-5.36266,-5.93723,-3.48573
241.66,-4.86469,-5.82231,-3.10268
241.77,-6.70332,-8.1589,-3.2942
241.87,-4.55826,-5.20944,-1.6088
241.97,-4.67317,-5.93723,-2.41319
242.08,-4.48165,-7.69924,-2.4898
242.18,-3.40912,-6.89484,-3.56234
242.28,-5.05622,-8.31211,-2.98777
242.39,-2.18337,-8.69516,-2.75794
242.49,-3.94538,-8.31211,-3.2942
242.59,-4.02199,-8.08229,-3.17929
242.70,-3.67725,-7.3928,-2.79624
242.80,-3.40912,-8.04398,-3.33251
242.90,-2.64302,-8.77177,-3.02607
243.01,-2.75794,-5.86062,-4.59656
243.11,-3.44742,-7.3928,-3.48573
243.22,-3.98369,-7.50772,-3.60064
243.32,-3.90708,-7.92907,-4.29012
243.42,-4.36673,-7.3928,-3.52403
243.53,-4.63487,-7.73755,-3.40912
243.63,-4.29012,-8.00568,-2.68133
243.73,-4.25182,-8.61855,-2.37489
243.84,-4.51995,-8.27381,-1.53219
243.94,-4.17521,-7.96737,-1.37897
244.04,-4.51995,-7.58433,-0.957617
244.15,-5.55418,-7.31619,-0.65118
244.25,-5.43926,-6.12875,-0.766094
244.35,-5.51587,-6.01384,-0.497961
244.46,-6.93315,-6.58841,0.0766094
244.56,-7.16298,-6.5501,-0.383047
244.66,-5.05622,-6.39688,-1.72371
244.78,-5.09452,-7.43111,-2.4515
244.88,-5.24774,-7.46941,-2.64302
244.98,-6.05214,-6.47349,-3.52403
245.08,-6.12875,-8.04398,-1.87693
245.19,-5.24774,-7.3928,-2.71963
245.29,-5.13283,-7.54602,-3.2942
245.40,-5.32435,-6.97145,-3.90708
245.50,-5.43926,-6.77993,-3.48573
245.60,-3.90708,-7.3545,-4.25182
245.70,-4.74978,-6.89484,-4.0603
245.81,-4.67317,-7.23959,-4.25182
245.91,-4.0603,-7.58433,-3.63894
246.02,-3.94538,-8.35042,-2.14506
246.12,-3.63894,-7.54602,-2.79624
246.22,-3.79216,-8.38873,-1.22575
246.33,-3.33251,-9.26973,-1.18745
246.43,-3.44742,-7.96737,-0.536266
246.53,-4.78809,-7.77585,-1.34066
246.64,-4.74978,-9.61448,-2.91116
246.74,-6.5501,-7.31619,-2.87285
246.84,-6.24366,-5.28605,-2.22167
246.95,-6.28197,-4.17521,-1.57049
247.05,-6.16705,-4.25182,-0.689484
247.15,-7.73755,-8.00568,-1.95354
247.26,-5.7074,-8.00568,-1.45558
247.36,-5.51587,-11.568,-6.20536
247.46,-4.51995,-8.23551,-2.14506
247.57,-3.86877,-8.54194,-1.95354
247.67,-4.0603,-7.81416,-2.10676
247.78,-3.90708,-8.61855,-2.68133
247.88,-3.86877,-7.92907,-2.79624
247.98,-4.02199,-7.81416,-2.98777
248.08,-3.83047,-7.50772,-3.75386
248.19,-4.63487,-8.04398,-4.0986
248.29,-3.79216,-7.69924,-2.25998
248.39,-3.86877,-8.35042,-3.06437
248.51,-3.2559,-8.46534,-1.76202
248.61,-0.612875,-9.72939,-0.881008
248.71,-0.57457,-9.38465,-2.4515
248.82,-2.06845,-8.84838,-1.53219
248.92,-2.14506,-8.35042,0.229828
249.02,-3.2559,-9.0016,1.18745
249.13,-3.83047,-8.1589,-0.383047
249.23,-4.40504,-7.27789,-1.18745
249.33,-4.59656,-7.77585,-0.957617
249.44,-4.82639,-9.0016,-2.14506
249.54,-3.02607,-10.0358,-2.06845
249.64,-3.67725,-9.38465,-2.75794
249.75,-4.59656,-8.38873,-3.63894
249.85,-4.55826,-6.20536,-3.44742
249.95,-4.29012,-5.24774,-3.63894
250.06,-4.97961,-6.35858,-4.02199
250.16,-5.7074,-6.09044,-2.94946
250.26,-6.01384,-6.39688,-2.52811
250.37,-9.8443,-10.8019,-4.21351
250.47,-3.52403,-5.55418,-3.56234
250.57,-1.72371,-8.69516,-0.995922
250.68,-5.24774,-7.69924,-1.76202
250.78,-5.20944,-6.97145,-2.87285
250.88,-2.18337,-7.58433,-2.4515
250.99,-4.36673,-8.1589,-2.10676
251.09,-3.2942,-8.88668,-1.53219
251.19,-3.33251,-8.84838,-0.881008
251.30,-2.91116,-8.69516,-0.383047
251.40,-3.94538,-8.81008,0.612875
251.50,-6.28197,-7.23959,0.268133
251.61,-6.5118,-6.28197,-0.766094
251.71,-5.43926,-8.42703,-0.766094
251.81,-5.47757,-5.28605,-0.268133
251.92,-6.35858,-7.20128,-0.842703
252.02,-6.28197,-10.0358,-1.30236
252.13,-4.0986,-8.42703,-1.37897
252.24,-3.63894,-8.1589,-2.14506
252.34,-3.71555,-7.04806,-4.17521
252.77,-3.79216,-7.3928,-3.98369
252.88,-4.17521,-7.31619,-3.90708
252.98,-4.17521,-7.43111,-3.79216
253.09,-3.98369,-7.54602,-4.25182
253.19,-5.17113,-6.81823,-4.21351
253.29,-4.55826,-7.69924,-3.60064
253.40,-4.55826,-7.62263,-3.86877
253.50,-4.02199,-7.85246,-2.4898
253.61,-3.48573,-8.31211,-2.68133
253.71,-2.64302,-8.58025,-2.68133
253.81,-2.18337,-8.88668,-2.18337
253.91,-2.29828,-8.77177,-1.95354
254.02,-2.56641,-8.50364,-0.65118
254.12,-4.40504,-8.84838,-2.91116
254.22,-5.66909,-7.27789,-0.191523
254.33,-5.63079,-5.86062,-1.22575
254.43,-5.7457,-8.23551,-0.114914
254.54,-8.1589,-9.0016,1.72371
254.64,-7.04806,-8.42703,-0.421352
254.74,-4.82639,-8.42703,0.229828
254.84,-4.67317,-8.27381,0.421352
254.95,-4.71148,-8.38873,0.57457
255.05,-3.71555,-8.73347,-0.995922
255.16,-2.79624,-8.27381,-1.11084
255.26,-4.13691,-8.46534,-2.64302
255.36,-4.32843,-8.04398,-2.25998
255.47,-4.40504,-9.88261,1.11084
255.57,-2.68133,-7.73755,-3.44742
255.67,-2.79624,-8.00568,-5.66909
255.78,-3.21759,-7.3928,-5.17113
255.88,-2.06845,-8.61855,-3.37081
255.98,-2.94946,-7.77585,-4.48165
256.09,-2.52811,-7.27789,-4.82639
256.20,-2.75794,-7.23959,-4.48165
256.30,-2.68133,-7.31619,-5.78401
256.41,-2.83455,-6.85654,-7.46941
256.51,-2.83455,-6.62671,-6.05214
256.61,-3.14098,-7.3545,-5.40096
256.72,-3.67725,-8.58025,-3.44742
256.82,-3.63894,-8.92499,-0.766094
256.92,-3.48573,-8.65686,-1.6471
257.03,-3.44742,-9.49956,1.26405
257.13,-2.56641,-8.00568,0.766094
257.23,-2.41319,-6.5501,0.268133
257.33,-6.24366,-6.5118,-0.344742
257.44,-7.04806,-7.81416,0.114914
257.54,-5.24774,-7.54602,-0.459656
257.64,-6.01384,-5.47757,-0.153219
257.75,-7.3928,-5.7457,0.0766094
257.85,-6.32027,-10.9168,-0.881008
257.95,-3.37081,-6.93315,-0.306437
258.06,-4.78809,-7.92907,-0.383047
258.16,-4.86469,-7.66094,-2.52811
258.26,-4.13691,-8.42703,-1.80032
258.37,-2.14506,-8.88668,-1.53219
258.47,-4.51995,-8.00568,-3.06437
258.57,-4.32843,-7.46941,-3.63894
258.68,-2.68133,-9.15482,-2.68133
258.78,-3.75386,-7.81416,-3.10268
258.88,-3.83047,-7.50772,-3.86877
258.99,-4.903,-7.43111,-3.63894
259.09,-5.05622,-7.58433,-3.79216
259.20,-5.47757,-6.85654,-2.10676
259.30,-6.24366,-6.35858,-1.37897
259.40,-6.39688,-8.23551,-1.76202
259.50,-4.82639,-8.42703,-3.06437
259.61,-4.9413,-7.50772,-1.68541
259.71,-6.12875,-7.54602,-2.14506
259.82,-5.47757,-7.3928,-1.68541
259.93,-5.55418,-6.66501,-1.30236
260.03,-6.24366,-6.89484,-1.80032
260.13,-6.77993,-6.89484,-2.18337
260.24,-7.43111,-6.09044,-1.11084
260.34,-5.55418,-7.04806,-1.53219
260.44,-5.63079,-8.1589,-1.99184
260.55,-4.40504,-7.92907,-1.41727
260.65,-4.40504,-7.43111,-2.06845
260.75,-0.727789,-9.8443,-1.76202
260.86,-0.459656,-9.76769,-1.80032
260.96,-0.612875,-8.65686,-2.71963
261.06,-0.995922,-8.35042,-1.80032
261.17,-3.52403,-8.00568,-1.26405
261.27,-3.14098,-8.00568,-2.71963
261.37,-3.14098,-8.84838,-3.48573
261.48,-3.75386,-9.76769,-5.40096
261.58,-4.63487,-7.46941,-4.51995
261.68,-4.59656,-6.01384,-4.97961
261.79,-5.63079,-5.7074,-4.44334
261.89,-5.24774,-5.20944,-3.37081
261.99,-4.40504,-6.05214,-3.2559
262.10,-4.86469,-7.27789,-3.17929
262.20,-4.97961,-7.43111,-2.71963
262.30,-5.09452,-7.27789,-2.41319
262.41,-5.28605,-9.8443,-3.21759
262.51,-4.36673,-7.54602,-1.6471
262.62,-5.09452,-7.69924,-0.727789
262.72,-4.63487,-7.62263,-1.91523
262.82,-4.59656,-8.96329,-1.53219
262.92,-2.33659,-8.1972,-2.60472
263.03,-3.48573,-8.42703,-2.18337
263.13,-3.17929,-8.69516,-2.33659
263.23,-3.44742,-8.35042,-2.18337
263.34,-3.52403,-8.23551,-2.14506
263.44,-4.86469,-7.73755,-2.87285
263.55,-4.29012,-7.66094,-2.94946
263.66,-5.36266,-7.20128,-2.64302
263.76,-5.66909,-6.77993,-3.10268
263.86,-5.17113,-7.12467,-3.52403
263.97,-5.47757,-6.85654,-3.14098
264.07,-5.66909,-6.47349,-3.37081
264.17,-5.78401,-6.47349,-3.21759
264.28,-6.05214,-6.5501,-3.10268
264.38,-5.93723,-7.69924,-1.72371
264.48,-5.63079,-9.72939,-3.17929
264.59,-5.78401,-7.62263,-2.18337
264.69,-4.32843,-7.46941,-2.03015
264.79,-5.28605,-6.12875,-2.03015
264.90,-6.58841,-6.43519,-2.68133
265.00,-6.5118,-5.36266,-1.83862
265.10,-7.46941,-5.13283,-2.33659
265.21,-9.0016,-8.1589,-2.4515
265.31,-6.97145,-8.04398,-1.30236
265.42,-3.67725,-7.77585,-2.4515
265.52,-4.71148,-8.08229,-1.95354
265.62,-3.79216,-7.69924,-3.37081
265.73,-4.29012,-7.50772,-3.06437
265.83,-3.98369,-8.04398,-3.06437
265.93,-3.37081,-8.31211,-3.14098
266.04,-3.94538,-7.69924,-3.79216
266.14,-4.02199,-6.5118,-3.94538
266.24,-4.9413,-7.16298,-4.51995
266.35,-4.74978,-7.20128,-4.51995
266.45,-4.51995,-6.93315,-4.32843
266.55,-4.9413,-6.66501,-4.32843
266.66,-5.13283,-6.5501,-4.29012
266.76,-5.32435,-6.39688,-4.21351
266.86,-5.24774,-7.08637,-3.02607
266.96,-4.48165,-9.34634,-3.67725
267.07,-3.75386,-9.49956,-4.13691
267.18,-3.71555,-8.27381,-2.91116
267.28,-3.63894,-7.92907,-3.02607
267.39,-4.63487,-5.7457,-2.87285
267.49,-6.20536,-4.44334,-2.10676
267.59,-6.5118,-5.09452,-1.91523
267.70,-6.35858,-6.09044,-2.41319
267.80,-9.19312,-10.8019,-3.86877
267.91,-4.13691,-8.54194,-2.37489
268.01,-3.67725,-7.58433,-3.52403
268.11,-3.60064,-7.54602,-3.71555
268.22,-3.56234,-7.89076,-3.56234
268.32,-3.98369,-7.81416,-4.02199
268.42,-3.67725,-7.73755,-3.56234
268.53,-3.56234,-7.27789,-4.55826
268.63,-3.40912,-7.81416,-5.40096
268.73,-2.41319,-7.54602,-4.63487
268.84,-2.91116,-7.69924,-4.63487
268.94,-3.21759,-7.16298,-5.24774
269.04,-3.48573,-7.08637,-4.78809
269.15,-3.79216,-7.77585,-4.82639
269.25,-3.83047,-7.46941,-2.98777
269.35,-4.29012,-5.78401,-2.52811
269.46,-4.02199,-8.42703,-3.94538
269.56,-3.63894,-9.806,-3.2942
269.66,-4.25182,-8.54194,-3.90708
269.77,-4.63487,-6.35858,-3.40912
269.87,-4.71148,-4.32843,-2.91116
269.97,-6.24366,-4.51995,-2.29828
270.08,-7.69924,-6.58841,-2.33659
270.18,-6.85654,-7.00976,-2.29828
270.28,-6.81823,-10.8785,-2.87285
270.39,-5.28605,-9.26973,-2.29828
270.49,-3.75386,-8.50364,-2.4898
270.59,-4.13691,-7.58433,-3.67725
270.70,-4.17521,-7.3545,-3.63894
270.80,-4.48165,-7.23959,-3.79216
270.91,-3.75386,-7.73755,-4.0986
271.02,-4.97961,-7.50772,-3.33251
271.12,-1.6471,-5.20944,-2.18337
271.22,-3.10268,-7.50772,-5.13283
271.33,-3.21759,-7.04806,-5.09452
271.43,-3.63894,-6.28197,-5.89892
271.53,-4.32843,-7.00976,-5.17113
271.64,-6.43519,-8.23551,-3.86877
271.74,-3.75386,-7.54602,-4.02199
271.84,-3.63894,-7.81416,-3.52403
271.95,-4.86469,-8.31211,-3.75386
272.05,-5.24774,-8.12059,-4.59656
272.15,-5.51587,-5.89892,-4.51995
272.26,-5.28605,-5.09452,-4.25182
272.36,-5.24774,-4.55826,-4.17521
272.46,-6.74162,-4.903,-4.02199
272.57,-7.73755,-4.9413,-4.13691
272.67,-7.43111,-6.16705,-3.94538
272.77,-5.82231,-7.31619,-2.98777
272.88,-4.78809,-6.97145,-2.60472
272.98,-4.59656,-7.04806,-2.4515
273.08,-5.36266,-6.62671,-2.79624
273.19,-3.52403,-6.66501,-1.6088
273.29,-4.78809,-8.35042,-3.56234
273.39,-4.74978,-7.16298,-3.94538
273.50,-4.67317,-6.93315,-4.21351
273.60,-4.44334,-7.00976,-4.29012
273.70,-4.32843,-6.93315,-4.40504
273.81,-5.32435,-7.54602,-4.78809
273.91,-3.48573,-7.23959,-5.20944
274.02,-3.60064,-7.23959,-5.20944
274.12,-4.13691,-6.5118,-4.9413
274.22,-4.29012,-6.74162,-4.44334
274.33,-4.903,-6.66501,-3.40912
274.43,-3.40912,-7.58433,-3.40912
274.53,-3.79216,-8.42703,-2.41319
274.64,-4.74978,-8.73347,-1.83862
274.75,-5.17113,-6.62671,-4.40504
274.85,-6.24366,-6.01384,-4.17521
274.95,-6.05214,-4.86469,-3.94538
275.06,-5.7074,-4.71148,-3.63894
275.16,-6.28197,-4.59656,-2.79624
275.26,-7.16298,-5.36266,-2.79624
275.37,-7.3545,-6.16705,-2.14506
275.47,-5.93723,-8.00568,-3.10268
275.57,-3.33251,-8.58025,-2.56641
275.68,-2.41319,-8.35042,-3.2942
275.78,-4.32843,-8.42703,-2.79624
275.89,-3.2942,-7.73755,-3.94538
275.99,-2.60472,-6.89484,-6.01384
276.09,-4.21351,-7.43111,-4.32843
276.20,-5.32435,-7.50772,-2.4898
276.30,-4.67317,-7.54602,-3.71555
276.40,-4.86469,-6.58841,-4.9413
276.51,-4.903,-6.47349,-3.79216
276.61,-5.82231,-6.77993,-3.63894
276.71,-4.97961,-7.16298,-4.0603
276.82,-6.16705,-6.20536,-4.32843
276.92,-5.7457,-6.47349,-4.21351
277.02,-5.51587,-7.16298,-3.52403
277.13,-4.9413,-7.3928,-2.52811
277.23,-4.51995,-7.81416,-0.57457
277.33,-3.90708,-8.65686,0.957617
277.44,-2.03015,-8.73347,0.536266
277.54,-1.95354,-9.34634,0.881008
277.64,-1.99184,-7.96737,0.766094
277.75,-5.20944,-8.12059,1.41727
277.85,-5.89892,-7.69924,1.03423
277.95,-5.36266,-6.12875,-0.0766094
278.06,-7.3928,-5.32435,0.65118
278.16,-7.00976,-5.51587,1.45558
278.27,-5.7457,-6.01384,0.995922
278.38,-10.8785,-9.11651,-2.41319
278.48,-7.20128,-7.96737,-1.53219
278.58,-6.5118,-7.58433,-0.229828
278.68,-4.9413,-6.77993,-2.79624
278.79,-5.40096,-6.39688,-2.98777
278.89,-5.47757,-6.16705,-3.37081
278.99,-5.20944,-7.23959,-3.48573
279.10,-4.86469,-6.47349,-4.17521
279.20,-5.47757,-6.89484,-3.2942
279.31,-5.47757,-6.58841,-4.13691
279.41,-4.63487,-6.39688,-4.63487
279.51,-5.17113,-6.89484,-4.29012
279.62,-5.24774,-7.23959,-4.02199
279.72,-5.20944,-7.04806,-4.02199
279.82,-5.01791,-6.81823,-4.21351
279.93,-4.903,-7.16298,-3.40912
280.03,-4.0986,-7.3545,-3.17929
280.13,-4.17521,-8.46534,-1.11084
280.24,-2.91116,-9.07821,-0.842703
280.34,-1.26405,-8.54194,-0.229828
280.44,-3.37081,-7.69924,-3.14098
280.54,-3.44742,-10.304,-0.0383047
280.65,-1.45558,-9.61448,-1.14914
280.75,-1.68541,-8.12059,0.0
280.85,-3.48573,-7.62263,-3.21759
280.96,-5.40096,-9.03991,-2.18337
281.06,-3.48573,-5.63079,-1.87693
281.17,-3.40912,-6.12875,-2.87285
281.27,-2.4898,-8.1589,-4.25182
281.37,-3.98369,-7.81416,-2.83455
281.48,-4.13691,-7.20128,-3.90708
281.58,-3.67725,-7.66094,-3.48573
281.68,-3.56234,-7.69924,-3.86877
281.79,-3.44742,-8.42703,-4.13691
281.89,-3.33251,-8.31211,-4.0986
282.00,-3.75386,-7.3545,-4.51995
282.10,-4.02199,-7.69924,-5.20944
282.21,-4.82639,-6.62671,-4.63487
282.31,-4.97961,-6.74162,-5.7457
282.42,-4.86469,-5.47757,-2.64302
282.52,-5.13283,-6.35858,-3.60064
282.62,-4.21351,-7.04806,-3.10268
282.72,-4.78809,-7.66094,-2.68133
282.83,-4.903,-7.85246,-1.99184
282.93,-5.55418,-7.77585,-1.95354
283.03,-5.05622,-6.5501,-1.41727
283.14,-3.10268,-5.40096,-1.14914
283.24,-2.87285,-12.6022,-0.919312
283.34,-4.0986,-8.54194,-2.4515
283.45,-4.21351,-8.81008,-0.536266
283.55,-3.75386,-8.65686,-1.83862
283.65,-4.59656,-7.27789,-2.33659
283.76,-4.51995,-7.85246,-1.83862
283.86,-4.74978,-7.54602,-1.99184
283.96,-4.67317,-7.54602,-2.06845
284.07,-4.59656,-7.00976,-4.21351
284.17,-4.48165,-7.43111,-3.48573
284.27,-3.33251,-7.54602,-4.9413
284.38,-4.0603,-7.3545,-4.29012
284.48,-4.903,-7.12467,-3.60064
284.58,-4.82639,-7.00976,-3.56234
284.69,-5.01791,-7.04806,-3.56234
284.79,-5.24774,-6.74162,-3.44742
284.89,-6.39688,-6.47349,-3.21759
284.99,-6.89484,-6.47349,-2.41319
285.10,-4.78809,-7.27789,-2.98777
285.20,-4.97961,-6.47349,-3.60064
285.30,-5.36266,-7.58433,-4.32843
285.41,-5.86062,-6.24366,-3.67725
285.51,-5.93723,-5.93723,-3.2942
285.61,-6.32027,-5.32435,-2.75794
285.73,-6.70332,-5.51587,-1.57049
285.83,-6.58841,-6.66501,-1.76202
285.93,-6.47349,-8.1972,0.0383047
286.04,-6.97145,-8.27381,-1.18745
286.14,-4.9413,-8.04398,0.689484
286.24,-5.09452,-7.58433,0.191523
286.35,-5.24774,-8.46534,0.0383047
286.45,-4.17521,-8.1589,-0.919312
286.55,-4.0603,-7.62263,-0.459656
286.66,-3.44742,-8.00568,-1.30236
286.76,-3.17929,-8.69516,-1.72371
286.86,-3.2942,-8.1589,-2.25998
286.97,-3.71555,-8.1589,-1.6088
287.07,-3.71555,-8.23551,-2.37489
287.17,-4.36673,-7.89076,-2.41319
287.28,-3.63894,-8.38873,-3.06437
287.38,-3.56234,-7.77585,-3.40912
287.48,-5.05622,-7.62263,-3.37081
287.59,-4.0603,-8.38873,-3.14098
287.69,-4.02199,-7.81416,-3.67725
287.79,-4.67317,-6.89484,-3.52403
287.90,-5.28605,-7.23959,-3.06437
288.00,-5.47757,-6.89484,-1.76202
288.10,-5.7457,-8.38873,-2.22167
288.21,-4.0603,-8.81008,-2.33659
288.31,-4.74978,-8.35042,-2.79624
288.42,-3.33251,-8.1972,-3.02607
288.52,-5.24774,-7.20128,-3.90708
288.62,-5.78401,-6.58841,-3.17929
288.72,-5.93723,-6.58841,-2.91116
288.83,-5.40096,-6.5118,-2.29828
288.93,-5.40096,-6.47349,-2.29828
289.03,-5.28605,-5.32435,-0.689484
289.14,-7.3928,-12.3341,-4.40504
289.24,-4.32843,-7.43111,-1.6088
289.34,-3.06437,-8.1589,-0.804398
289.46,-3.86877,-8.27381,-2.29828
289.56,-4.29012,-8.35042,-1.76202
289.66,-3.37081,-8.08229,-2.71963
289.77,-2.98777,-8.1589,-3.02607
289.87,-2.94946,-8.23551,-3.02607
289.97,-3.52403,-7.66094,-3.63894
290.08,-4.21351,-8.31211,-4.13691
290.18,-2.75794,-7.69924,-3.83047
290.28,-3.67725,-7.54602,-4.51995
290.39,-3.86877,-7.04806,-4.25182
290.49,-5.40096,-5.93723,-4.74978
290.59,-5.17113,-6.70332,-4.36673
290.70,-5.36266,-7.3545,-3.79216
290.80,-5.24774,-7.12467,-3.10268
290.90,-4.44334,-9.57617,-5.09452
291.01,-4.21351,-7.66094,-4.55826
291.11,-3.98369,-7.08637,-2.91116
291.21,-4.29012,-5.93723,-2.37489
291.32,-6.20536,-5.7074,-2.98777
291.42,-6.93315,-6.32027,-2.29828
291.52,-5.63079,-6.24366,-1.41727
291.63,-7.62263,-9.88261,-3.21759
291.73,-5.47757,-8.31211,-2.75794
291.83,-5.43926,-7.96737,-1.99184
291.94,-3.79216,-8.12059,-2.79624
292.04,-2.75794,-7.89076,-3.14098
292.14,-2.10676,-8.46534,-2.83455
292.25,-2.75794,-8.69516,-3.21759
292.35,-2.64302,-8.23551,-3.40912
292.45,-2.68133,-8.58025,-2.75794
292.56,-2.37489,-8.08229,-3.67725
292.66,-6.81823,-10.1124,-7.31619
292.76,-2.14506,-8.31211,-3.98369
292.87,-2.03015,-7.62263,-4.13691
292.97,-4.17521,-7.04806,-3.10268
293.08,-4.86469,-8.31211,-4.44334
293.19,-4.97961,-8.27381,-2.41319
293.29,-3.98369,-8.23551,-4.40504
293.39,-5.05622,-7.73755,-3.06437
293.50,-4.55826,-7.62263,-2.71963
293.60,-4.0603,-7.08637,-2.06845
293.70,-4.13691,-6.62671,-1.6088
293.80,-5.32435,-5.7457,-2.18337
293.91,-6.89484,-6.66501,-1.76202
294.01,-6.93315,-6.97145,-1.68541
294.12,-4.78809,-7.08637,-1.11084
294.22,-5.20944,-6.74162,-2.10676
294.32,-5.05622,-7.16298,-1.68541
294.43,-1.11084,-8.92499,-0.421352
294.53,-4.36673,-7.81416,-2.4515
294.63,-4.903,-7.3928,-2.94946
294.74,-4.36673,-8.00568,-2.4898
294.84,-4.25182,-7.73755,-3.02607
294.94,-4.02199,-7.89076,-3.10268
295.04,-3.98369,-6.89484,-3.37081
295.15,-4.44334,-9.11651,-4.13691
295.25,-3.67725,-7.27789,-4.9413
295.35,-3.33251,-7.85246,-4.74978
295.46,-3.56234,-7.3928,-5.01791
295.56,-3.10268,-7.3545,-5.20944
295.66,-2.87285,-7.69924,-4.17521
295.77,-3.60064,-7.96737,-3.17929
295.87,-3.37081,-7.96737,-1.68541
295.97,-4.51995,-7.43111,-0.65118
296.08,-3.79216,-8.42703,-1.03423
296.18,-3.86877,-9.30804,-1.95354
296.28,-2.68133,-10.687,-1.45558
296.39,-5.63079,-9.76769,-0.881008
296.49,-5.55418,-6.05214,-0.766094
296.59,-5.40096,-4.55826,-1.11084
296.70,-6.70332,-4.44334,-0.919312
296.81,-8.61855,-5.82231,-0.0766094
296.91,-7.85246,-7.08637,0.459656
297.02,-6.35858,-6.97145,-0.421352
297.12,-6.28197,-7.58433,-1.68541
297.22,-4.59656,-7.69924,-2.68133
297.33,-5.47757,-7.50772,-1.07253
297.43,-4.21351,-7.50772,-3.21759
297.53,-4.13691,-7.62263,-3.06437
297.64,-4.13691,-7.62263,-3.40912
297.74,-3.33251,-7.92907,-4.02199
297.84,-3.2559,-8.23551,-4.25182
297.95,-2.37489,-7.81416,-4.63487
298.05,-4.02199,-7.43111,-4.44334
298.15,-3.79216,-8.50364,-2.64302
298.26,-3.48573,-7.73755,-3.37081
298.36,-3.10268,-8.23551,-5.40096
298.46,-3.63894,-7.46941,-4.48165
298.57,-3.52403,-7.54602,-4.29012
298.67,-4.17521,-7.69924,-3.02607
298.77,-3.98369,-7.92907,-3.79216
298.88,-2.98777,-9.0016,-4.02199
298.98,-3.02607,-8.54194,-4.40504
299.08,-2.60472,-7.69924,-4.17521
299.19,-3.60064,-6.01384,-3.48573
299.29,-3.71555,-6.43519,-3.37081
299.39,-6.28197,-7.43111,-1.57049
299.50,-5.05622,-7.81416,-2.25998
299.60,-5.24774,-7.92907,-2.14506
299.70,-4.32843,-7.85246,-3.2559
299.81,-2.68133,-9.07821,-2.10676
299.91,-2.37489,-8.73347,-3.10268
300.01,-1.99184,-8.73347,-3.14098
300.12,-2.4898,-8.12059,-3.48573
300.22,-1.6471,-9.8443,-2.52811
300.32,-0.842703,-8.65686,-2.56641
300.44,-0.65118,-9.61448,-1.83862
300.54,-2.4515,-8.58025,-3.17929
300.64,-3.56234,-9.34634,-1.30236
300.75,-0.306437,-9.806,-1.68541
300.85,-2.14506,-8.65686,-2.37489
300.95,-2.06845,-8.81008,-2.83455
301.06,-2.03015,-9.19312,-2.10676
301.16,-3.14098,-8.88668,-1.57049
301.26,-3.06437,-8.61855,-0.344742
301.37,-3.60064,-8.1589,-0.306437
301.47,-2.79624,-8.88668,-1.80032
301.57,-1.03423,-9.38465,-0.804398
301.68,-1.72371,-9.65278,0.689484
301.78,-1.76202,-9.07821,1.03423
301.88,-2.03015,-8.73347,0.689484
301.99,-3.71555,-9.34634,1.22575
302.09,-4.82639,-8.69516,0.268133
302.19,-4.903,-7.31619,0.0
302.30,-5.47757,-7.31619,-1.22575
302.40,-4.63487,-5.28605,-1.83862
302.50,-6.28197,-6.5501,-1.14914
302.61,-7.92907,-6.89484,-0.57457
302.71,-6.47349,-8.27381,-0.612875
302.81,-5.7457,-7.54602,-0.229828
302.92,-5.20944,-7.50772,-0.995922
303.02,-4.51995,-7.85246,-0.957617
303.13,-3.75386,-8.61855,-0.65118
303.23,-4.86469,-8.08229,-0.766094
303.33,-4.71148,-7.58433,-1.72371
303.43,-3.10268,-8.96329,-2.60472
303.54,-3.75386,-8.23551,-2.41319
303.64,-4.48165,-8.04398,-1.49388
303.74,-4.74978,-8.04398,-3.02607
303.85,-4.82639,-7.66094,-3.52403
303.95,-4.40504,-7.81416,-2.4898
304.05,-5.05622,-7.3545,-2.94946
304.17,-5.09452,-7.23959,-2.98777
304.27,-4.48165,-7.46941,-3.40912
304.38,-5.20944,-7.23959,-3.48573
304.48,-5.36266,-7.89076,-1.53219
304.58,-3.02607,-9.38465,-1.99184
304.68,-2.4898,-9.19312,-1.72371
304.79,-3.14098,-8.96329,-1.57049
304.89,-3.2559,-7.58433,-2.68133
304.99,-1.45558,-9.23143,-2.4898
305.10,-1.57049,-8.1589,-1.45558
305.20,-6.01384,-6.70332,-2.03015
305.30,-3.17929,-8.23551,-2.37489
305.41,-4.44334,-8.61855,-3.90708
305.51,-4.903,-5.7074,-3.14098
305.61,-4.48165,-5.93723,-1.68541
305.72,-8.58025,-7.54602,-1.18745
305.82,-8.42703,-7.58433,-2.79624
305.92,-3.83047,-7.04806,-3.60064
306.03,-4.55826,-7.46941,-2.91116
306.13,-4.29012,-7.58433,-3.60064
306.23,-3.75386,-8.46534,-3.60064
306.34,-3.98369,-7.58433,-3.79216
306.44,-4.59656,-7.27789,-3.37081
306.54,-4.36673,-7.43111,-3.71555
306.65,-4.0986,-7.3545,-3.75386
306.75,-4.0603,-7.16298,-4.71148
306.85,-4.29012,-7.43111,-4.55826
306.96,-3.67725,-9.806,-5.09452
307.06,-3.60064,-7.46941,-3.10268
307.16,-2.83455,-7.66094,-4.17521
307.27,-2.98777,-7.50772,-3.2559
307.37,-2.91116,-7.23959,-2.71963
307.47,-5.05622,-7.54602,-2.41319
307.58,-5.32435,-6.85654,-1.68541
307.68,-5.86062,-6.66501,-2.14506
307.79,-6.01384,-8.1589,-2.06845
307.90,-4.82639,-7.89076,-2.22167
308.00,-4.0603,-8.46534,-2.94946
308.10,-4.0603,-7.66094,-3.60064
308.21,-2.83455,-7.00976,-4.71148
308.31,-1.99184,-7.50772,-3.94538
308.41,-2.87285,-7.58433,-3.98369
308.52,-3.2942,-7.3928,-4.71148
308.62,-2.52811,-7.00976,-5.05622
308.72,-2.4515,-7.23959,-6.81823
308.83,-2.71963,-7.3928,-5.59248
308.93,-3.02607,-7.23959,-4.82639
309.03,-3.06437,-6.97145,-5.7457
309.14,-3.33251,-6.28197,-5.51587
309.24,-4.55826,-5.78401,-6.05214
309.34,-4.63487,-7.81416,-3.75386
309.45,-4.17521,-8.65686,-3.71555
309.55,-3.02607,-7.12467,-4.44334
309.65,-2.64302,-8.27381,-4.13691
309.76,-2.18337,-8.46534,-4.0603
309.86,-4.0603,-7.62263,-3.10268
309.96,-5.28605,-6.24366,-2.91116
310.07,-6.43519,-5.24774,-2.64302
310.17,-6.58841,-5.55418,-1.99184
310.27,-6.47349,-4.63487,-1.57049
310.38,-5.20944,-7.04806,-3.52403
310.48,-4.97961,-7.31619,-3.60064
310.58,-3.79216,-7.58433,-3.79216
310.69,-3.63894,-7.77585,-4.17521
310.79,-3.21759,-7.92907,-3.94538
310.89,-3.90708,-7.58433,-4.17521
311.00,-3.17929,-8.12059,-3.48573
311.10,-2.33659,-7.73755,-4.67317
311.20,-3.71555,-7.16298,-3.83047
311.31,-2.94946,-6.81823,-5.59248
311.41,-3.83047,-6.93315,-4.55826
311.52,-5.01791,-6.62671,-4.44334
311.63,-4.82639,-7.04806,-4.29012
311.73,-4.02199,-8.1589,-4.0603
311.83,-4.02199,-8.46534,-4.67317
311.94,-3.33251,-7.3928,-4.903
312.04,-3.33251,-7.85246,-4.55826
312.14,-3.2559,-8.65686,-5.36266
312.25,-4.0603,-6.5118,-4.0603
312.35,-5.32435,-5.20944,-2.91116
312.45,-5.40096,-4.59656,-1.80032
312.56,-6.35858,-5.09452,-1.83862
312.66,-15.7432,-14.6324,-6.09044
312.76,-4.903,-7.92907,-2.71963
312.87,-4.67317,-7.04806,-4.02199
312.97,-3.75386,-7.58433,-3.67725
313.07,-4.17521,-7.16298,-4.44334
313.18,-3.37081,-7.20128,-4.21351
313.28,-4.0603,-7.00976,-4.0986
313.38,-3.90708,-7.04806,-4.9413
313.49,-3.79216,-7.77585,-6.58841
313.59,-4.13691,-6.74162,-4.97961
313.69,-4.02199,-6.66501,-5.40096
313.80,-4.55826,-6.39688,-5.7074
313.90,-4.59656,-6.05214,-5.47757
314.00,-5.40096,-5.51587,-4.903
314.11,-5.93723,-5.7457,-3.75386
314.21,-5.7074,-6.85654,-4.63487
314.32,-4.63487,-7.3928,-4.78809
314.42,-4.63487,-7.16298,-5.36266
314.52,-3.86877,-6.85654,-5.51587
314.63,-4.25182,-6.16705,-4.29012
314.73,-5.24774,-5.66909,-4.0603
314.83,-5.28605,-6.20536,-3.2942
314.94,-6.58841,-6.62671,-3.52403
315.04,-6.43519,-6.28197,-3.2559
315.14,-4.71148,-9.0016,-4.0603
315.26,-1.07253,-9.72939,-2.98777
315.36,-6.24366,-9.42295,-0.65118
315.46,-3.98369,-8.61855,-2.94946
315.57,-2.98777,-8.08229,-3.40912
315.67,-3.33251,-7.69924,-3.48573
315.77,-4.0603,-8.23551,-2.29828
315.87,-3.75386,-8.1972,-3.06437
315.98,-3.14098,-8.00568,-3.48573
316.08,-3.33251,-7.58433,-4.86469
316.18,-3.06437,-7.77585,-4.0603
316.29,-3.17929,-7.66094,-5.47757
316.39,-3.33251,-7.3928,-7.3928
316.49,-2.25998,-9.19312,-2.71963
316.60,-4.0603,-6.58841,-3.10268
316.70,1.99184,-6.39688,2.29828
316.80,-2.83455,-8.88668,-3.40912
316.91,-5.20944,-7.27789,-2.03015
317.01,-3.60064,-6.97145,-3.02607
317.11,-4.903,-9.11651,-3.33251
317.22,-4.71148,-7.50772,-3.56234
317.32,-5.32435,-5.78401,-3.83047
317.42,-6.09044,-4.71148,-3.10268
317.53,-5.97553,-4.63487,-2.75794
317.63,-8.50364,-6.70332,-4.21351
317.73,-5.89892,-6.58841,-1.87693
317.83,-4.0986,-6.93315,-1.6471
317.94,-4.51995,-6.89484,-3.02607
318.04,-4.13691,-7.77585,-2.94946
318.14,-3.94538,-8.00568,-1.99184
318.25,-3.94538,-7.20128,-4.0986
318.35,-3.40912,-8.08229,-3.2559
318.45,-3.17929,-8.08229,-3.67725
318.56,-3.14098,-7.81416,-4.48165
318.66,-3.02607,-7.66094,-4.48165
318.76,-2.33659,-8.04398,-4.44334
318.87,-3.52403,-7.50772,-4.25182
318.98,-4.0986,-7.43111,-3.86877
319.08,-3.94538,-6.81823,-3.06437
319.18,-4.13691,-7.81416,-3.10268
319.29,-2.41319,-8.92499,-2.4898
319.39,-4.0603,-10.0358,-2.56641
319.49,-4.13691,-8.77177,-2.98777
319.60,-4.36673,-6.5501,-2.91116
319.70,-4.63487,-5.28605,-2.10676
319.81,-6.58841,-5.51587,-1.68541
319.91,-7.43111,-6.5501,-2.14506
320.01,-7.23959,-7.00976,-1.99184
320.12,-5.43926,-7.89076,-1.07253
320.22,-6.01384,-6.43519,-1.87693
320.32,-6.16705,-7.16298,-2.10676
320.43,-5.17113,-6.81823,-1.91523
320.53,-4.71148,-7.27789,-2.60472
320.63,-4.51995,-8.69516,-1.53219
320.74,-6.05214,-7.04806,-2.33659
320.84,-5.01791,-8.04398,-2.10676
320.94,-4.67317,-7.3928,-3.90708
321.05,-4.29012,-7.62263,-2.83455
321.15,-3.98369,-7.92907,-3.52403
321.25,-3.94538,-7.12467,-4.17521
321.36,-4.25182,-7.50772,-3.83047
321.46,-4.25182,-7.81416,-1.26405
321.56,-4.55826,-7.92907,-1.80032
321.67,-4.9413,-8.58025,-1.49388
321.77,-6.43519,-8.23551,-0.689484
321.87,-6.47349,-6.74162,-2.37489
321.98,-5.66909,-5.89892,-2.75794
322.08,-5.93723,-5.82231,-2.22167
322.18,-5.89892,-6.70332,-1.49388
322.29,-6.47349,-6.47349,-0.919312
322.39,-6.89484,-6.20536,-1.45558
322.49,-6.93315,-6.81823,-0.842703
322.60,-5.36266,-7.31619,-0.57457
322.71,-6.43519,-6.93315,-1.6088
322.81,-5.59248,-7.58433,-1.76202
322.92,-5.40096,-7.69924,-1.87693
323.02,-5.36266,-7.92907,-1.14914
323.12,-5.59248,-7.77585,-1.91523
323.23,-5.40096,-6.74162,-3.21759
323.33,-6.58841,-7.46941,0.114914
323.43,-5.55418,-7.46941,-2.91116
323.54,-5.55418,-7.54602,-2.94946
323.64,-5.05622,-7.20128,-3.10268
323.74,-4.86469,-7.20128,-3.60064
323.85,-4.71148,-7.50772,-2.60472
323.95,-4.82639,-8.08229,-1.76202
324.05,-4.32843,-8.54194,-2.18337
324.16,-3.56234,-8.46534,-2.25998
324.26,-1.22575,-7.3928,-2.68133
324.37,-5.17113,-9.15482,-3.02607
324.47,-4.21351,-7.92907,-2.60472
324.57,-4.25182,-7.00976,-2.33659
324.67,-4.86469,-6.85654,-1.99184
324.78,-5.28605,-7.23959,-0.65118
324.88,-11.8361,-17.1222,-6.16705
324.98,-2.60472,-7.85246,-0.957617
325.09,-5.01791,-8.46534,-0.497961
325.19,-4.36673,-8.23551,-1.26405
325.29,-3.44742,-8.46534,-0.804398
325.40,-3.90708,-8.65686,-1.14914
325.50,-3.98369,-8.31211,-1.49388
325.60,-4.0986,-8.1972,-1.49388
325.71,-3.94538,-8.23551,-1.72371
325.81,-3.86877,-8.35042,-2.22167
325.92,-3.44742,-7.81416,-3.02607
326.02,-4.17521,-8.1972,-2.14506
326.12,-3.52403,-8.12059,-3.10268
326.22,-3.48573,-8.04398,-3.48573
326.34,-4.0603,-7.54602,-3.67725
326.44,-4.36673,-7.16298,-4.59656
326.54,-4.13691,-5.86062,-5.78401
326.65,-3.86877,-7.62263,-3.83047
326.75,-3.86877,-7.23959,-4.32843
326.86,-4.17521,-7.31619,-4.44334
326.96,-3.83047,-6.89484,-4.32843
327.06,-4.63487,-7.31619,-3.06437
327.17,-4.74978,-8.42703,-2.14506
327.27,-3.56234,-7.85246,-2.37489
327.37,-3.2559,-7.77585,-2.22167
327.48,-5.51587,-6.93315,-1.53219
327.58,-6.28197,-7.96737,-1.14914
327.68,-5.7457,-7.54602,-0.153219
327.79,-5.7074,-6.77993,-2.98777
327.89,-7.20128,-5.20944,-2.18337
327.99,-6.62671,-4.86469,-1.45558
328.09,-6.66501,-5.97553,-1.91523
328.20,-6.93315,-6.5118,-1.30236
328.30,-5.86062,-7.31619,-1.34066
328.40,-5.40096,-7.43111,-0.957617
328.51,-5.36266,-7.23959,-1.6088
328.61,-5.17113,-8.08229,-1.95354
328.71,-4.51995,-8.00568,-1.30236
328.82,-4.86469,-8.46534,-1.34066
328.92,-3.75386,-8.23551,-2.29828
329.02,-3.21759,-7.92907,-2.60472
329.13,-2.22167,-8.35042,-2.94946
329.23,-1.76202,-8.77177,-3.67725
329.33,-2.22167,-8.73347,-3.17929
329.44,-2.56641,-8.38873,-2.56641
329.54,-2.71963,-8.54194,-2.68133
329.64,-2.71963,-8.65686,-2.56641
329.75,-1.95354,-8.69516,-3.17929
329.85,-1.76202,-8.69516,-3.33251
329.95,-2.10676,-8.61855,-3.56234
330.07,-2.18337,-8.12059,-3.10268
330.17,-3.44742,-7.3928,-1.95354
330.27,-3.14098,-7.92907,-1.30236
330.38,-3.60064,-8.50364,-2.83455
330.48,-2.98777,-8.31211,-3.40912
330.58,-2.75794,-8.77177,-3.2942
330.69,-4.29012,-8.81008,-2.83455
330.79,-4.17521,-8.42703,-3.2942
330.89,-4.40504,-6.12875,-3.10268
331.00,-5.32435,-5.13283,-2.10676
331.10,-5.55418,-5.66909,-1.07253
331.20,-6.35858,-7.31619,-1.18745
331.31,-6.01384,-8.00568,-2.14506
331.41,-8.77177,-10.1124,-3.2559
331.51,-2.14506,-8.88668,-1.87693
331.62,-3.14098,-8.31211,-2.22167
331.72,-4.71148,-9.07821,-0.727789
331.82,-3.79216,-7.69924,-1.45558
331.93,-3.83047,-8.31211,-2.03015
332.03,-2.18337,-8.46534,-3.14098
332.13,-5.28605,-8.54194,-0.689484
332.24,-4.40504,-7.81416,-2.33659
332.34,-3.37081,-8.38873,-2.25998
332.44,-3.40912,-7.69924,-3.17929
332.54,-2.83455,-8.81008,-3.17929
332.65,-3.98369,-8.35042,-3.63894
332.75,-4.0986,-8.1589,-2.75794
332.86,-4.0986,-7.66094,-3.2942
332.96,-4.13691,-8.65686,-2.98777
333.06,-4.78809,-7.46941,-3.21759
333.17,-4.82639,-7.27789,-3.37081
333.27,-4.78809,-6.35858,-3.79216
333.37,-1.91523,-6.58841,0.268133
333.48,-3.75386,-8.31211,-3.44742
333.58,-5.82231,-5.7457,-4.82639
333.69,-5.82231,-6.01384,-4.02199
333.80,-5.93723,-6.5118,-3.44742
333.90,-6.85654,-6.62671,-3.10268
334.00,-6.81823,-6.43519,-2.87285
334.11,-5.05622,-6.89484,-3.02607
334.21,-4.67317,-7.46941,-3.21759
334.31,-4.63487,-7.66094,-3.06437
334.42,-5.7457,-6.97145,-2.83455
334.52,-5.28605,-5.32435,-2.18337
334.63,-6.16705,-5.20944,-1.95354
334.73,-9.42295,-6.20536,-2.14506
334.83,-7.00976,-7.16298,-1.87693
334.93,-6.77993,-6.97145,-1.57049
335.04,-6.58841,-7.27789,-2.14506
335.14,-5.55418,-7.85246,-1.91523
335.24,-5.17113,-7.16298,-1.6088
335.35,-4.97961,-7.96737,-2.18337
335.45,-5.32435,-7.66094,-1.07253
335.55,-5.86062,-7.23959,-2.4898
335.65,-4.903,-7.69924,-2.64302
335.76,-4.02199,-7.85246,-2.75794
335.86,-4.0603,-8.12059,-2.68133
335.96,-3.63894,-7.62263,-2.98777
336.07,-3.86877,-7.54602,-3.86877
336.17,-3.79216,-8.35042,-2.94946
336.27,-3.14098,-8.00568,-3.2942
336.38,-3.06437,-7.77585,-3.71555
336.48,-3.40912,-7.62263,-4.44334
336.58,-3.40912,-8.1589,-4.02199
336.69,-3.60064,-6.97145,-4.29012
336.79,-4.903,-6.5118,-4.17521
336.89,-5.40096,-6.62671,-3.14098
336.99,-5.89892,-7.58433,-3.2559
337.10,-4.44334,-9.42295,-4.55826
337.20,-4.02199,-7.85246,-4.51995
337.30,-4.13691,-7.27789,-3.60064
337.42,-4.13691,-5.82231,-2.98777
337.52,-4.9413,-6.09044,-2.79624
337.62,-6.89484,-6.05214,-1.95354
337.73,-6.62671,-6.93315,-2.4515
337.83,-8.23551,-9.53786,-1.07253
337.93,-7.27789,-6.43519,-0.689484
338.04,-7.73755,-10.0741,-3.06437
338.14,-5.05622,-8.00568,-1.07253
338.24,-5.05622,-7.50772,-0.995922
338.35,-5.24774,-7.3545,-2.14506
338.45,-4.903,-7.66094,-2.91116
338.55,-5.24774,-7.27789,-1.95354
338.66,-5.40096,-7.66094,-1.83862
338.76,-5.63079,-7.23959,-2.18337
338.87,-4.71148,-6.97145,-3.83047
338.97,-4.40504,-7.31619,-3.44742
339.07,-5.09452,-6.93315,-3.14098
339.18,-5.13283,-6.5501,-4.59656
339.28,-5.32435,-7.31619,-2.91116
339.38,-5.7457,-6.35858,-3.86877
339.49,-6.09044,-6.47349,-3.37081
339.59,-5.93723,-5.78401,-1.14914
339.69,-6.5501,-5.82231,-1.72371
339.80,-6.5118,-9.07821,-1.91523
339.90,-4.71148,-8.00568,-2.22167
340.00,-6.62671,-7.23959,-2.37489
340.11,-6.77993,-6.32027,-2.68133
340.21,-7.3545,-4.903,-2.4898
340.31,-6.89484,-4.44334,-2.03015
340.42,-6.77993,-4.29012,-2.14506
340.52,-7.16298,-5.32435,-2.41319
340.62,-7.3545,-5.89892,-2.18337
340.72,-5.47757,-6.62671,-2.22167
340.83,-5.47757,-6.5501,-1.30236
340.93,-8.1972,-8.46534,-0.0766094
341.03,-5.09452,-8.88668,-0.766094
341.15,-6.20536,-6.5501,-2.52811
341.25,-5.20944,-7.31619,-2.29828
341.35,-4.82639,-7.43111,-2.98777
341.46,-4.36673,-6.24366,-3.10268
341.56,-4.25182,-7.50772,-4.67317
341.66,-6.66501,-8.27381,-4.25182
341.77,-6.66501,-6.24366,-4.29012
341.87,-2.68133,-6.39688,-3.37081
341.97,-4.97961,-6.5118,-4.67317
342.08,-5.40096,-6.01384,-5.20944
342.18,-6.5118,-5.89892,-4.0603
342.29,-5.7074,-6.12875,-3.10268
342.39,-6.66501,-6.20536,-2.94946
342.49,-6.39688,-6.39688,-1.6471
342.59,-5.24774,-6.97145,-1.6088
342.70,-5.59248,-8.31211,-2.22167
342.80,-6.05214,-9.11651,-2.71963
342.90,-6.20536,-6.39688,-2.29828
343.01,-6.43519,-5.01791,-1.57049
343.11,-6.35858,-4.0986,-0.766094
343.21,-7.16298,-6.16705,-1.76202
343.32,-7.3928,-7.58433,-1.87693
343.42,-5.86062,-7.08637,-1.49388
343.53,-4.59656,-8.46534,-2.71963
343.63,-4.17521,-6.20536,-1.49388
343.73,-4.13691,-7.27789,-0.57457
343.83,-3.98369,-8.31211,-1.22575
343.94,-3.37081,-7.96737,-2.91116
344.04,-3.02607,-8.23551,-2.52811
344.14,-2.87285,-8.08229,-2.94946
344.25,-2.94946,-8.1589,-3.14098
344.35,-3.56234,-8.1972,-3.06437
344.45,-3.83047,-7.43111,-3.44742
344.56,-3.75386,-7.96737,-3.71555
344.66,-3.40912,-7.58433,-3.83047
344.77,-4.0986,-7.3928,-3.14098
344.88,-4.74978,-8.96329,-2.60472
344.98,-1.76202,-9.46126,-1.95354
345.08,-2.52811,-8.38873,-1.57049
345.19,-3.33251,-8.54194,-0.421352
345.29,-3.2942,-7.58433,0.153219
345.39,-4.36673,-11.0317,-1.26405
345.50,-5.63079,-8.23551,-0.919312
345.60,-5.63079,-5.97553,-1.34066
345.71,-6.35858,-4.44334,-0.459656
345.81,-7.77585,-5.43926,-0.804398
345.91,-7.00976,-6.24366,-0.0766094
346.02,-6.32027,-6.77993,-1.11084
346.12,-6.24366,-7.3928,-1.83862
346.22,-5.66909,-6.28197,-1.14914
346.33,-6.97145,-8.35042,-1.53219
346.43,-6.70332,-6.5501,-3.02607
346.53,-5.78401,-6.89484,-3.21759
346.64,-5.63079,-6.97145,-3.37081
346.74,-5.82231,-6.62671,-2.98777
346.84,-6.09044,-6.47349,-2.79624
346.95,-5.32435,-6.5501,-3.94538
347.05,-4.9413,-7.04806,-4.29012
347.15,-4.67317,-6.93315,-3.83047
347.26,-5.86062,-7.27789,-4.25182
347.36,-6.62671,-6.39688,-2.98777
347.46,-5.59248,-6.39688,-3.10268
347.57,-5.66909,-8.27381,-3.10268
347.67,-2.14506,-8.81008,-1.95354
347.77,-1.95354,-9.42295,-2.33659
347.88,-5.13283,-8.04398,-0.421352
347.98,-6.24366,-6.74162,-0.919312
348.08,-5.47757,-6.39688,-1.30236
348.19,-5.63079,-7.23959,-0.268133
348.29,-6.28197,-9.88261,-1.76202
348.39,-6.09044,-5.78401,-0.804398
348.50,-5.05622,-4.55826,-1.30236
348.61,-5.05622,-6.47349,-1.26405
348.71,-5.47757,-8.81008,-1.41727
348.81,-5.82231,-8.69516,-0.804398
348.92,-5.24774,-7.92907,-1.6471
349.02,-5.43926,-4.97961,-0.995922
349.13,-4.29012,-7.69924,-2.22167
349.23,-4.9413,-8.1972,-1.49388
349.33,-3.60064,-9.07821,-3.40912
349.43,-3.90708,-7.96737,-3.2559
349.54,-5.86062,-7.66094,-2.79624
349.64,-4.59656,-8.42703,-2.03015
349.74,-3.44742,-7.31619,-4.40504
349.85,-3.40912,-8.73347,-3.86877
349.95,-5.24774,-7.69924,-1.11084
350.05,-4.40504,-8.73347,-0.881008
350.16,-4.29012,-8.81008,-0.612875
350.26,-1.83862,-8.96329,-0.727789
350.36,-1.95354,-9.0016,-0.727789
350.47,-3.75386,-8.73347,0.306437
350.57,-4.44334,-8.38873,0.536266
350.67,-3.48573,-9.806,0.727789
350.78,-2.83455,-8.54194,-0.919312
350.88,-3.79216,-6.74162,-1.45558
350.99,-3.67725,-7.66094,0.0766094
351.09,-3.33251,-7.50772,1.6088
351.19,-5.89892,-7.08637,-0.153219
351.29,-6.16705,-8.27381,-0.306437
351.40,-3.06437,-9.07821,-0.229828
351.50,-2.98777,-8.61855,-1.07253
351.60,-4.02199,-8.1589,-1.22575
351.71,-3.60064,-7.89076,-1.80032
351.81,-4.0986,-7.66094,-2.41319
351.91,-4.44334,-8.23551,-2.29828
352.02,-5.24774,-8.00568,-2.64302
352.12,-5.47757,-7.00976,-2.98777
352.23,-5.40096,-7.04806,-3.10268
352.33,-5.24774,-7.23959,-2.98777
352.44,-4.97961,-7.00976,-3.40912
352.54,-4.67317,-7.27789,-4.44334
352.64,-4.59656,-7.23959,-2.4515
352.75,-5.78401,-6.47349,-2.29828
352.85,-4.74978,-9.23143,0.383047
352.96,-3.44742,-8.42703,-0.957617
353.06,-3.44742,-8.1972,-1.6088
353.16,-4.86469,-8.27381,-1.11084
353.27,-4.86469,-8.35042,-3.14098
353.37,-5.17113,-6.05214,-1.91523
353.47,-6.62671,-6.09044,-1.91523
353.58,-6.01384,-7.77585,-0.497961
353.68,-6.66501,-7.3928,-0.306437
353.78,-5.28605,-8.1589,-1.41727
353.89,-4.32843,-8.1589,-0.459656
353.99,-4.67317,-7.89076,-0.383047
354.09,-4.82639,-7.81416,-0.344742
354.20,-4.29012,-8.38873,-1.34066
354.30,-3.90708,-8.12059,-1.30236
354.47,-3.86877,-8.81008,-0.919312
354.58,-3.48573,-8.54194,-1.03423
354.68,-4.51995,-7.92907,-1.80032
354.78,-4.21351,-7.73755,-1.45558
354.89,-3.94538,-8.00568,-2.18337
354.99,-3.83047,-7.66094,-4.29012
355.09,-2.98777,-8.35042,-2.94946
355.20,-4.0603,-7.89076,-3.71555
355.30,-4.17521,-7.3545,-3.56234
355.41,-4.48165,-7.31619,-3.52403
355.51,-4.67317,-6.85654,-3.67725
355.61,-5.24774,-7.43111,-2.83455
355.71,-5.01791,-7.85246,-2.64302
355.82,-4.78809,-7.77585,-3.63894
355.93,-4.48165,-6.43519,-3.06437
356.04,-4.67317,-6.28197,-2.41319
356.14,-4.21351,-6.66501,-1.22575
356.24,-1.6471,-9.23143,-2.79624
356.34,-5.51587,-8.1589,-1.99184
356.45,-5.01791,-9.07821,-0.191523
356.55,-4.36673,-8.23551,-0.65118
356.65,-4.903,-7.73755,-1.76202
356.76,-4.97961,-7.92907,-1.37897
356.86,-4.71148,-7.69924,-1.03423
356.96,-3.60064,-8.50364,-0.804398
357.07,-4.36673,-7.96737,-2.03015
357.17,-4.51995,-7.89076,-2.29828
357.27,-3.98369,-8.92499,-0.919312
357.38,-3.14098,-8.38873,-2.4898
357.48,-2.94946,-8.23551,-3.06437
357.58,-3.37081,-7.77585,-3.06437
357.68,-3.86877,-7.43111,-3.63894
357.79,-4.02199,-7.66094,-3.63894
357.89,-3.40912,-8.1972,-3.40912
358.00,-3.37081,-6.89484,-4.13691
358.10,-5.01791,-6.97145,-3.67725
358.20,-6.24366,-5.89892,-3.17929
358.30,-7.54602,-8.35042,-3.10268
358.41,-4.82639,-7.20128,-2.33659
358.51,-4.44334,-6.43519,-2.52811
358.61,-4.25182,-6.74162,-1.22575
358.72,-5.78401,-7.08637,-0.57457
358.82,-5.86062,-7.73755,-0.919312
358.92,-11.9894,-10.3423,0.229828
359.03,-5.47757,-7.89076,0.0383047
359.13,-5.20944,-8.61855,0.191523
359.23,-4.97961,-8.35042,-1.91523
359.34,-4.21351,-8.00568,-1.80032
359.44,-5.47757,-7.12467,-2.94946
359.54,-5.55418,-9.61448,0.0383047
359.66,-5.32435,-8.1589,-2.33659
359.76,-2.94946,-7.85246,-1.68541
359.86,-4.74978,-7.92907,-1.80032
359.97,-4.71148,-8.31211,-2.25998
360.07,-5.47757,-7.20128,-2.4898
360.17,-4.67317,-7.08637,-2.52811
360.28,-5.17113,-7.20128,-3.10268
360.38,-5.17113,-6.05214,-4.0603
360.48,-6.16705,-5.13283,-3.71555
360.59,-6.5501,-6.01384,-5.13283
360.69,-6.20536,-6.74162,-4.903
360.79,-6.28197,-4.82639,-2.98777
360.90,-6.62671,-5.24774,-2.71963
361.00,-9.03991,-6.20536,-0.995922
361.10,-6.58841,-7.08637,-1.57049
361.21,-6.01384,-6.5118,-1.76202
361.31,-6.28197,-5.97553,-1.30236
361.41,-6.35858,-7.3928,-1.18745
361.52,-6.47349,-7.00976,-0.612875
361.62,-6.5118,-6.5501,-0.612875
361.72,-6.62671,-6.28197,-0.919312
361.83,-6.89484,-6.5501,-1.6471
361.93,-6.70332,-7.3545,-1.22575
