(2.56641, -4.17521, 8.65686)
(2.64302, -4.0603, 8.61855)
(2.60472, -3.86877, 8.61855)
(2.91116, -3.94538, 8.42703)
(2.98777, -4.02199, 8.77177)
(2.91116, -4.0986, 8.35042)
(2.79624, -3.63894, 8.46534)
(3.56234, -3.90708, 8.58025)
(3.60064, -4.02199, 9.53786)
(2.64302, -3.67725, 8.1972)
(2.56641, -3.44742, 8.23551)
(3.2559, -3.90708, 9.0016)
(3.2559, -3.83047, 8.58025)
(2.68133, -3.56234, 8.77177)
(2.87285, -3.83047, 8.77177)
(3.14098, -3.75386, 8.54194)
(2.60472, -3.52403, 8.54194)
(3.17929, -3.90708, 8.42703)
(3.10268, -3.67725, 8.77177)
(2.87285, -3.56234, 8.77177)
(3.10268, -3.86877, 8.69516)
(3.14098, -3.90708, 8.65686)
(3.10268, -3.75386, 8.54194)
(3.14098, -3.86877, 8.54194)
(3.17929, -3.75386, 8.77177)
(2.71963, -3.67725, 8.23551)
(3.2942, -3.90708, 8.35042)
(3.21759, -3.75386, 8.61855)
(3.21759, -3.71555, 8.61855)
(3.2942, -3.79216, 8.50364)
(3.14098, -3.75386, 8.38873)
(3.02607, -3.75386, 7.85246)
(3.33251, -3.60064, 8.61855)
(3.17929, -3.63894, 7.46941)
(2.79624, -3.52403, 9.26973)
(3.67725, -3.90708, 8.1589)
(3.33251, -3.48573, 8.31211)
(3.48573, -3.71555, 8.50364)
(3.33251, -3.60064, 8.58025)
(3.56234, -3.86877, 8.73347)
(3.40912, -3.56234, 8.31211)
(3.60064, -3.75386, 8.50364)
(3.21759, -3.52403, 8.58025)
(3.17929, -3.60064, 8.50364)
(3.17929, -3.98369, 8.84838)
(3.21759, -3.86877, 8.50364)
(2.52811, -3.44742, 8.58025)
(3.17929, -3.56234, 9.03991)
(3.37081, -3.98369, 8.92499)
(3.14098, -3.60064, 8.58025)
(3.06437, -3.86877, 8.38873)
(3.37081, -3.60064, 7.96737)
(3.48573, -3.71555, 8.81008)
(3.79216, -3.17929, 8.88668)
(3.98369, -3.60064, 8.08229)
(3.90708, -3.67725, 8.00568)
(3.2559, -3.75386, 8.1589)
(4.36673, -3.52403, 9.26973)
(4.32843, -3.83047, 8.81008)
(4.36673, -3.37081, 8.84838)
(3.63894, -3.79216, 8.65686)
(3.79216, -3.52403, 8.08229)
(3.14098, -3.71555, 8.42703)
(3.10268, -3.48573, 7.77585)
(4.02199, -3.86877, 8.27381)
(4.0603, -3.67725, 7.96737)
(4.0603, -4.0603, 8.08229)
(4.0986, -3.75386, 8.31211)
(3.86877, -3.67725, 7.85246)
(3.90708, -3.71555, 8.23551)
(4.25182, -4.02199, 8.08229)
(4.32843, -3.71555, 8.42703)
(4.21351, -3.71555, 8.1589)
(4.44334, -3.79216, 8.00568)
(4.21351, -3.67725, 8.00568)
(4.21351, -3.83047, 8.00568)
(4.25182, -3.75386, 8.12059)
(4.48165, -3.86877, 8.00568)
(4.32843, -3.90708, 8.08229)
(4.0603, -3.75386, 8.1972)
(4.71148, -3.71555, 8.65686)
(4.21351, -3.67725, 7.69924)
(2.94946, -3.48573, 7.81416)
(2.91116, -3.71555, 8.92499)
(4.44334, -3.79216, 8.00568)
(4.40504, -3.67725, 8.50364)
(3.67725, -3.79216, 7.96737)
(3.52403, -3.67725, 8.08229)
(3.40912, -4.0603, 8.46534)
(4.71148, -3.52403, 7.81416)
(4.71148, -3.86877, 8.12059)
(3.71555, -3.75386, 7.96737)
(3.56234, -3.40912, 7.96737)
(3.33251, -3.67725, 7.69924)
(3.21759, -3.52403, 8.42703)
(3.86877, -3.63894, 8.42703)
(3.63894, -3.33251, 7.77585)
(3.71555, -3.71555, 8.1972)
(4.21351, -3.52403, 7.96737)
(4.67317, -3.2942, 8.04398)
(4.71148, -3.63894, 7.89076)
(4.71148, -3.48573, 7.66094)
(4.59656, -3.56234, 7.69924)
(4.59656, -3.37081, 7.81416)
(5.13283, -3.52403, 7.96737)
(5.20944, -3.33251, 8.61855)
(4.55826, -3.48573, 8.08229)
(4.36673, -3.44742, 8.00568)
(4.36673, -3.2559, 8.00568)
(4.40504, -3.71555, 8.04398)
(4.36673, -3.79216, 8.12059)
(4.32843, -3.63894, 7.73755)
(4.25182, -3.79216, 7.89076)
(4.21351, -3.71555, 7.66094)
(4.29012, -3.67725, 7.85246)
(4.40504, -3.75386, 7.50772)
(4.32843, -3.79216, 8.12059)
(4.21351, -3.79216, 7.96737)
(4.02199, -3.83047, 7.62263)
(4.25182, -3.52403, 8.04398)
(4.21351, -3.56234, 8.1589)
(4.29012, -3.67725, 7.92907)
(4.32843, -3.52403, 8.23551)
(4.40504, -3.48573, 7.81416)
(4.36673, -3.37081, 7.50772)
(4.17521, -3.10268, 7.62263)
(4.25182, -2.60472, 9.15482)
(6.89484, -4.71148, 13.9812)
(14.6707, -3.90708, 15.5517)
(5.86062, -0.0383047, 2.64302)
(5.7074, 0.191523, -1.76202)
(-8.88668, 2.25998, -2.56641)
(2.91116, 11.1084, -1.49388)
(20.5696, 20.3781, 8.35042)
(19.2673, 7.73755, 13.828)
(13.7514, 6.32027, 8.46534)
(14.709, 9.76769, 8.96329)
(14.8622, 11.7212, 8.84838)
(8.00568, 10.4572, 1.41727)
(7.85246, 1.07253, -2.22167)
(-6.47349, -6.43519, -0.497961)
(-3.71555, -5.82231, 0.919312)
(-5.86062, 4.903, -2.71963)
(4.63487, 10.4189, 0.114914)
(26.3153, 15.8964, 8.84838)
(16.8158, 5.78401, 9.26973)
(8.50364, 6.5118, 3.94538)
(6.74162, 7.08637, 3.21759)
(6.66501, 7.20128, 6.66501)
(18.3096, 8.81008, 6.35858)
(18.1947, 11.0317, 4.32843)
(1.95354, 3.71555, 0.727789)
(2.25998, -1.11084, -2.91116)
(-4.36673, -6.89484, 0.459656)
(-0.881008, -8.35042, 2.33659)
(-4.40504, 0.268133, -1.87693)
(0.421352, 7.3928, -0.804398)
(24.515, 26.0855, 11.4914)
(23.0977, 4.97961, 10.8019)
(8.84838, 5.86062, 4.86469)
(5.40096, 5.97553, 2.4515)
(5.40096, 5.01791, 3.02607)
(5.40096, 6.43519, 3.2559)
(5.20944, 7.3928, 4.13691)
(5.20944, 6.77993, 4.59656)
(5.36266, 6.28197, 5.24774)
(5.51587, 5.66909, 4.97961)
(5.20944, 5.43926, 4.44334)
(5.63079, 5.66909, 4.74978)
(5.97553, 6.05214, 4.48165)
(6.12875, 6.70332, 5.05622)
(6.12875, 9.34634, 4.903)
(4.29012, 6.89484, 3.40912)
(4.0986, 7.08637, 2.79624)
(4.02199, 6.24366, 2.79624)
(4.51995, 6.32027, 3.44742)
(5.36266, 7.31619, 4.36673)
(5.36266, 11.0701, 3.98369)
(3.56234, 8.1589, 4.67317)
(3.17929, 6.77993, 3.33251)
(3.63894, 6.32027, 3.17929)
(3.86877, 7.31619, 3.60064)
(3.98369, 7.81416, 4.17521)
(3.52403, 12.8321, 2.37489)
(4.13691, 10.189, 3.17929)
(4.51995, 7.43111, 2.4515)
(4.59656, 7.69924, 2.22167)
(3.56234, 8.23551, 2.56641)
(3.40912, 7.04806, 2.68133)
(3.90708, 7.66094, 2.87285)
(3.71555, 9.26973, 3.56234)
(2.87285, 8.38873, 2.37489)
(3.33251, 8.77177, 2.87285)
(3.33251, 7.89076, 2.52811)
(3.17929, 8.12059, 3.10268)
(3.02607, 9.11651, 2.83455)
(3.10268, 11.8745, 2.79624)
(2.91116, 7.27789, 1.80032)
(3.10268, 9.72939, 2.41319)
(1.6471, 10.3423, 1.53219)
(1.6471, 8.77177, 2.18337)
(2.41319, 6.97145, 2.29828)
(2.4898, 6.77993, 3.10268)
(3.79216, 7.69924, 3.67725)
(2.33659, 9.30804, 2.64302)
(2.4898, 8.27381, 3.21759)
(2.71963, 8.61855, 2.91116)
(2.64302, 8.35042, 3.06437)
(2.98777, 9.806, 3.2559)
(3.02607, 10.4572, 3.14098)
(2.83455, 8.1589, 2.56641)
(2.41319, 9.72939, 2.22167)
(1.95354, 9.95922, 1.49388)
(2.18337, 8.54194, 1.34066)
(3.67725, 6.89484, 1.76202)
(4.0603, 6.93315, 2.4898)
(4.0603, 9.23143, 3.63894)
(3.44742, 7.58433, 3.71555)
(3.37081, 9.88261, 2.4898)
(2.64302, 8.00568, 2.4898)
(2.94946, 8.08229, 2.56641)
(2.03015, 8.23551, 2.22167)
(1.99184, 8.73347, 2.75794)
(2.56641, 9.38465, 3.06437)
(2.94946, 10.3806, 3.60064)
(2.83455, 8.1972, 2.60472)
(2.87285, 9.38465, 2.10676)
(2.4515, 9.76769, 1.91523)
(2.41319, 8.50364, 2.33659)
(4.36673, 7.12467, 2.4515)
(4.32843, 5.43926, 2.71963)
(4.48165, 6.01384, 3.2942)
(4.59656, 8.08229, 3.2559)
(2.56641, 8.27381, 4.25182)
(2.56641, 9.15482, 4.63487)
(2.06845, 8.1972, 3.98369)
(2.4898, 8.58025, 4.36673)
(2.41319, 8.23551, 3.56234)
(2.4898, 9.34634, 3.17929)
(2.56641, 9.42295, 2.52811)
(2.91116, 9.95922, -0.0383047)
(2.83455, 9.49956, 0.0383047)
(2.60472, 8.50364, -0.306437)
(4.32843, 7.77585, 0.536266)
(4.21351, 8.69516, 1.6471)
(4.21351, 8.88668, 2.10676)
(3.56234, 8.38873, 2.33659)
(2.68133, 7.81416, 2.18337)
(2.41319, 8.46534, 2.03015)
(2.33659, 8.23551, 2.87285)
(2.29828, 10.304, 3.33251)
(2.14506, 9.30804, 2.91116)
(1.95354, 9.46126, 3.48573)
(1.99184, 8.54194, 3.17929)
(1.99184, 8.65686, 2.64302)
(2.22167, 8.35042, 2.37489)
(2.03015, 9.30804, 2.4515)
(2.60472, 10.4955, 2.4515)
(2.06845, 7.46941, 2.29828)
(2.18337, 9.65278, 2.25998)
(2.4515, 9.69109, 2.41319)
(2.06845, 8.12059, 2.10676)
(2.22167, 7.46941, 2.25998)
(2.33659, 8.42703, 2.60472)
(2.37489, 11.3765, 2.68133)
(2.25998, 7.50772, 3.10268)
(1.53219, 9.88261, 2.18337)
(1.6088, 8.50364, 2.83455)
(1.68541, 7.92907, 3.02607)
(1.68541, 8.42703, 3.56234)
(2.18337, 9.65278, 3.37081)
(2.37489, 10.0358, 2.98777)
(1.95354, 9.03991, 2.03015)
(1.83862, 9.99752, 1.76202)
(2.25998, 8.61855, 1.57049)
(2.94946, 7.50772, 2.18337)
(3.02607, 7.16298, 2.60472)
(3.75386, 8.35042, 2.56641)
(3.2942, 8.46534, 2.83455)
(2.25998, 9.69109, 2.06845)
(2.33659, 8.88668, 2.41319)
(2.37489, 8.81008, 2.94946)
(2.29828, 8.50364, 2.98777)
(2.37489, 9.61448, 2.98777)
(3.02607, 10.1124, 2.71963)
(3.21759, 9.26973, 1.07253)
(1.91523, 9.806, 1.11084)
(1.99184, 8.61855, 1.18745)
(2.10676, 7.3545, 2.18337)
(2.22167, 8.42703, 2.29828)
(2.75794, 12.3724, 2.79624)
(2.75794, 8.42703, 2.18337)
(1.6088, 10.0358, 2.22167)
(2.18337, 8.27381, 1.99184)
(2.33659, 8.38873, 2.83455)
(2.4898, 9.42295, 3.06437)
(2.03015, 9.42295, 3.21759)
(2.25998, 9.72939, 2.75794)
(1.53219, 10.2657, 2.22167)
(1.45558, 8.61855, 1.83862)
(1.87693, 8.00568, 1.99184)
(3.33251, 7.27789, 2.56641)
(3.2942, 7.73755, 3.17929)
(2.87285, 9.38465, 3.33251)
(2.83455, 9.65278, 1.87693)
(2.41319, 8.69516, 2.83455)
(1.99184, 8.81008, 2.68133)
(2.91116, 8.38873, 3.33251)
(2.52811, 9.806, 3.17929)
(2.64302, 10.4955, 3.21759)
(1.83862, 8.96329, 2.06845)
(1.95354, 9.92091, 2.14506)
(2.03015, 8.73347, 1.91523)
(1.99184, 7.20128, 2.06845)
(2.68133, 7.81416, 2.29828)
(2.71963, 10.8402, 3.75386)
(2.4898, 7.85246, 2.91116)
(2.22167, 10.1124, 3.2559)
(1.76202, 7.92907, 2.79624)
(2.71963, 8.27381, 3.56234)
(2.33659, 8.92499, 2.79624)
(2.33659, 9.49956, 2.71963)
(2.25998, 10.304, 2.94946)
(2.18337, 9.30804, 1.87693)
(1.87693, 9.8443, 1.76202)
(1.6471, 8.69516, 1.91523)
(1.80032, 7.96737, 1.91523)
(2.4898, 7.96737, 2.22167)
(2.64302, 9.30804, 2.41319)
(2.60472, 9.49956, 2.14506)
(1.95354, 10.0358, 1.6088)
(2.06845, 9.26973, 1.26405)
(1.76202, 9.0016, 1.37897)
(1.68541, 9.38465, 1.68541)
(1.6088, 8.96329, 1.80032)
(1.37897, 9.95922, 1.80032)
(1.37897, 9.19312, 1.26405)
(1.6471, 9.34634, 2.75794)
(1.11084, 9.11651, 2.60472)
(1.45558, 8.46534, 1.80032)
(2.33659, 9.15482, 2.68133)
(2.79624, 8.31211, 3.21759)
(2.83455, 8.81008, 2.98777)
(2.64302, 9.42295, 3.02607)
(1.68541, 9.42295, 2.94946)
(1.72371, 8.58025, 2.4515)
(3.75386, 8.35042, 2.33659)
(4.78809, 7.85246, 2.33659)
(5.13283, 6.01384, 2.68133)
(4.32843, 7.3545, 2.83455)
(4.29012, 8.65686, 3.33251)
(2.37489, 9.23143, 2.52811)
(2.64302, 9.11651, 2.10676)
(2.29828, 8.1972, 2.25998)
(2.33659, 8.77177, 2.87285)
(2.4515, 8.12059, 3.02607)
(2.37489, 9.72939, 3.2559)
(2.4898, 10.9934, 3.10268)
(2.4898, 8.96329, 2.10676)
(2.18337, 10.189, 2.29828)
(2.79624, 8.77177, 1.83862)
(2.79624, 7.3545, 2.37489)
(2.75794, 7.73755, 2.4898)
(2.98777, 9.8443, 2.91116)
(2.68133, 8.61855, 2.94946)
(2.37489, 10.0358, 2.33659)
(2.37489, 8.77177, 2.64302)
(2.22167, 8.58025, 2.64302)
(2.22167, 9.15482, 3.17929)
(2.10676, 9.8443, 2.22167)
(1.53219, 9.42295, 2.03015)
(1.83862, 9.69109, 1.95354)
(1.53219, 8.96329, 1.26405)
(1.76202, 8.61855, 1.6471)
(1.80032, 8.1589, 1.68541)
(2.03015, 8.84838, 2.4515)
(2.22167, 11.1467, 2.33659)
(2.03015, 8.65686, 1.6471)
(2.14506, 8.65686, 1.6471)
(2.29828, 7.54602, 2.56641)
(2.10676, 8.81008, 2.87285)
(1.95354, 9.99752, 2.52811)
(2.64302, 10.7253, 2.52811)
(1.41727, 9.26973, 1.6471)
(1.57049, 9.46126, 1.83862)
(1.57049, 8.1589, 1.34066)
(1.95354, 8.08229, 1.57049)
(1.99184, 8.69516, 2.33659)
(2.29828, 11.7595, 3.14098)
(1.37897, 9.15482, 2.06845)
(2.03015, 9.65278, 2.91116)
(1.68541, 8.04398, 2.4515)
(1.91523, 8.27381, 2.87285)
(2.06845, 9.15482, 2.94946)
(2.25998, 11.0317, 3.2942)
(1.72371, 8.1589, 2.91116)
(1.68541, 9.76769, 2.29828)
(1.14914, 8.84838, 1.37897)
(1.41727, 8.1589, 1.37897)
(1.72371, 7.73755, 1.95354)
(1.95354, 8.73347, 3.21759)
(1.76202, 10.4955, 3.63894)
(2.14506, 8.50364, 2.94946)
(2.06845, 9.26973, 3.2559)
(2.14506, 7.58433, 3.10268)
(2.22167, 7.89076, 3.33251)
(2.33659, 9.30804, 3.2942)
(2.4898, 9.88261, 3.17929)
(1.41727, 8.77177, 2.71963)
(2.22167, 9.0016, 2.25998)
(1.99184, 9.65278, 1.83862)
(2.60472, 8.61855, 2.03015)
(2.60472, 7.58433, 2.41319)
(2.60472, 7.12467, 2.75794)
(3.83047, 8.1589, 3.37081)
(3.94538, 8.92499, 2.98777)
(1.99184, 8.92499, 2.03015)
(2.10676, 9.53786, 3.10268)
(2.06845, 8.77177, 3.14098)
(2.41319, 8.35042, 3.44742)
(2.37489, 8.96329, 2.79624)
(1.80032, 8.88668, 1.72371)
(1.45558, 8.77177, 1.68541)
(1.34066, 9.88261, 1.6471)
(2.25998, 10.4572, 1.37897)
(2.25998, 9.46126, 0.459656)
(2.52811, 9.38465, 0.229828)
(2.41319, 8.81008, 0.995922)
(2.41319, 8.88668, 1.18745)
(2.37489, 9.19312, 1.57049)
(2.22167, 9.69109, 1.91523)
(2.37489, 9.46126, 1.76202)
(2.52811, 9.23143, 1.80032)
(1.99184, 9.38465, 1.80032)
(1.83862, 9.23143, 1.37897)
(1.57049, 8.46534, 1.6088)
(1.76202, 8.58025, 2.06845)
(1.83862, 9.19312, 2.10676)
(2.4515, 9.99752, 3.10268)
(2.37489, 8.92499, 2.87285)
(1.53219, 8.69516, 3.10268)
(1.49388, 9.0016, 1.95354)
(2.18337, 8.92499, 1.99184)
(1.91523, 9.65278, 1.72371)
(2.22167, 9.76769, 1.95354)
(2.41319, 8.54194, 2.10676)
(2.22167, 9.53786, 2.10676)
(1.95354, 8.84838, 2.25998)
(1.72371, 8.12059, 1.83862)
(2.22167, 7.43111, 2.10676)
(2.4515, 9.61448, 2.75794)
(2.60472, 11.3765, 3.52403)
(1.41727, 7.89076, 2.29828)
(1.03423, 9.15482, 1.95354)
(0.995922, 8.23551, 2.29828)
(2.68133, 8.12059, 2.79624)
(2.4898, 8.58025, 3.48573)
(1.95354, 9.99752, 3.75386)
(2.41319, 10.5338, 3.48573)
(1.57049, 9.76769, 1.99184)
(1.41727, 9.15482, 1.72371)
(1.49388, 7.92907, 1.83862)
(1.37897, 6.85654, 2.25998)
(2.41319, 8.84838, 2.71963)
(3.10268, 12.0277, 3.2559)
(2.29828, 9.53786, 3.40912)
(1.99184, 9.61448, 2.94946)
(2.98777, 7.50772, 2.94946)
(2.37489, 7.85246, 2.52811)
(2.41319, 9.76769, 2.91116)
(2.03015, 10.5721, 2.91116)
(1.34066, 9.53786, 1.68541)
(1.34066, 10.7636, 1.45558)
(1.26405, 8.46534, 1.53219)
(1.22575, 7.50772, 1.68541)
(1.95354, 7.89076, 2.06845)
(2.41319, 11.2233, 2.41319)
(2.75794, 9.26973, 3.02607)
(1.91523, 9.92091, 2.37489)
(2.41319, 7.77585, 2.41319)
(2.60472, 8.12059, 2.29828)
(2.10676, 9.11651, 2.83455)
(2.03015, 10.1124, 2.14506)
(1.83862, 9.34634, 2.33659)
(1.83862, 10.0741, 2.03015)
(1.11084, 8.04398, 1.11084)
(1.22575, 8.1589, 1.26405)
(1.6088, 8.58025, 1.95354)
(2.14506, 10.0741, 2.03015)
(2.10676, 9.15482, 2.4515)
(1.6471, 9.8443, 2.64302)
(2.56641, 7.73755, 3.02607)
(2.4898, 8.31211, 2.91116)
(2.10676, 8.92499, 3.02607)
(1.76202, 9.65278, 2.64302)
(2.37489, 10.2273, 2.75794)
(1.22575, 9.61448, 1.95354)
(1.26405, 8.04398, 2.14506)
(1.76202, 7.69924, 1.99184)
(2.71963, 7.96737, 2.68133)
(2.98777, 9.69109, 2.4898)
(2.37489, 10.4189, 2.60472)
(1.68541, 9.30804, 2.29828)
(2.56641, 8.69516, 2.83455)
(1.99184, 8.1589, 2.4515)
(1.95354, 8.35042, 2.79624)
(2.06845, 9.53786, 2.68133)
(2.14506, 10.1124, 2.4898)
(1.6471, 9.07821, 1.83862)
(2.06845, 9.42295, 1.6471)
(1.91523, 9.42295, 1.57049)
(2.37489, 7.89076, 1.68541)
(2.22167, 7.62263, 2.14506)
(3.14098, 8.69516, 2.60472)
(3.02607, 10.7253, 1.76202)
(3.86877, 7.43111, 1.41727)
(3.98369, 9.72939, 1.6471)
(2.4898, 9.19312, 1.26405)
(2.71963, 9.19312, 1.68541)
(1.76202, 9.23143, 1.53219)
(1.76202, 9.07821, 0.995922)
(2.18337, 8.81008, 0.919312)
(3.17929, 9.92091, 1.14914)
(3.2559, 8.58025, 1.34066)
(2.71963, 8.73347, 1.26405)
(2.87285, 9.03991, 1.95354)
(2.87285, 8.27381, 1.76202)
(3.10268, 8.04398, 2.4515)
(3.21759, 9.07821, 3.21759)
(4.40504, 8.65686, 3.98369)
(3.40912, 9.61448, 4.17521)
(2.68133, 9.15482, 3.56234)
(2.60472, 7.73755, 2.14506)
(4.21351, 7.58433, 1.87693)
(4.02199, 6.32027, 2.4898)
(3.71555, 7.31619, 2.22167)
(2.79624, 8.81008, 2.60472)
(2.37489, 10.5721, 2.64302)
(3.2942, 10.189, 3.37081)
(1.37897, 9.30804, 2.25998)
(2.18337, 8.61855, 2.91116)
(1.83862, 7.89076, 2.87285)
(1.95354, 8.38873, 3.17929)
(1.57049, 10.3423, 3.56234)
(2.25998, 10.4189, 3.33251)
(2.14506, 9.34634, 1.34066)
(1.72371, 9.0016, 1.72371)
(1.45558, 7.46941, 1.6471)
(1.91523, 7.54602, 2.03015)
(1.83862, 10.0741, 2.37489)
(2.03015, 10.9168, 3.37081)
(0.995922, 8.88668, 1.80032)
(1.95354, 8.88668, 2.75794)
(2.06845, 8.1972, 2.60472)
(2.10676, 7.89076, 2.91116)
(2.14506, 9.99752, 3.02607)
(2.18337, 10.6104, 3.06437)
(1.22575, 9.15482, 2.4515)
(1.14914, 9.26973, 1.45558)
(1.37897, 7.81416, 1.87693)
(1.72371, 7.77585, 2.14506)
(1.95354, 9.99752, 2.68133)
(1.91523, 12.7172, 2.71963)
(2.4898, 7.50772, 3.21759)
(2.37489, 9.38465, 2.56641)
(2.10676, 7.3545, 2.94946)
(1.80032, 8.23551, 2.91116)
(2.29828, 9.8443, 3.2559)
(4.0603, 10.7636, 3.02607)
(1.83862, 8.61855, 2.4898)
(2.75794, 9.65278, 1.68541)
(2.37489, 7.43111, 1.57049)
(2.33659, 7.12467, 2.41319)
(2.52811, 9.8443, 2.68133)
(2.91116, 12.5639, 2.87285)
(2.52811, 7.31619, 2.68133)
(2.22167, 9.53786, 2.52811)
(2.10676, 7.3928, 2.4515)
(2.18337, 8.08229, 3.37081)
(1.83862, 9.92091, 3.17929)
(1.87693, 10.7253, 3.14098)
(1.18745, 8.23551, 1.72371)
(0.995922, 9.95922, 1.57049)
(1.49388, 7.89076, 1.22575)
(1.57049, 8.50364, 1.76202)
(2.18337, 8.73347, 2.18337)
(1.72371, 12.4107, 2.4898)
(1.6088, 7.50772, 3.56234)
(1.68541, 9.57617, 3.44742)
(1.80032, 8.54194, 2.94946)
(1.6088, 8.04398, 2.83455)
(1.87693, 8.42703, 2.75794)
(1.91523, 9.65278, 2.4515)
(2.03015, 9.92091, 3.14098)
(2.29828, 8.92499, 2.91116)
(1.6471, 10.2273, 2.03015)
(2.06845, 7.96737, 1.68541)
(1.68541, 7.73755, 1.99184)
(2.41319, 7.66094, 2.14506)
(2.06845, 9.69109, 2.29828)
(2.37489, 9.26973, 3.75386)
(1.99184, 9.65278, 3.2942)
(1.76202, 9.23143, 2.98777)
(1.95354, 8.65686, 1.91523)
(1.83862, 8.46534, 2.25998)
(1.99184, 8.92499, 1.95354)
(1.83862, 9.23143, 2.71963)
(2.29828, 9.42295, 2.14506)
(1.99184, 9.72939, 1.6088)
(1.68541, 8.77177, 0.727789)
(1.6471, 8.77177, 0.804398)
(2.79624, 8.1972, 1.22575)
(2.83455, 8.61855, 1.76202)
(2.25998, 9.0016, 2.22167)
(1.76202, 9.46126, 2.71963)
(1.83862, 9.26973, 2.29828)
(2.03015, 8.92499, 2.10676)
(2.10676, 8.84838, 1.83862)
(2.14506, 9.72939, 1.57049)
(2.10676, 8.54194, 1.68541)
(1.95354, 9.95922, 2.4898)
(1.53219, 9.42295, 2.37489)
(1.80032, 9.26973, 2.91116)
(1.87693, 8.88668, 3.17929)
(1.99184, 9.19312, 2.68133)
(2.18337, 8.81008, 2.64302)
(2.41319, 9.26973, 2.83455)
(2.56641, 9.26973, 2.68133)
(2.25998, 9.11651, 2.18337)
(2.14506, 8.81008, 2.25998)
(1.72371, 9.61448, 1.80032)
(1.6471, 9.34634, 1.80032)
(1.83862, 9.46126, 1.83862)
(1.87693, 8.27381, 2.14506)
(2.33659, 7.50772, 2.4898)
(2.64302, 8.23551, 2.75794)
(2.68133, 11.3382, 3.44742)
(1.87693, 7.81416, 2.87285)
(1.37897, 9.95922, 2.64302)
(1.72371, 8.65686, 2.98777)
(1.83862, 8.50364, 3.21759)
(2.29828, 8.12059, 3.37081)
(2.29828, 9.8443, 3.67725)
(2.52811, 9.57617, 3.10268)
(1.07253, 9.38465, 2.18337)
(2.03015, 9.65278, 2.4898)
(1.99184, 8.04398, 2.14506)
(1.87693, 7.31619, 2.29828)
(2.10676, 8.84838, 2.75794)
(2.4515, 11.3765, 2.79624)
(2.41319, 8.12059, 2.87285)
(2.56641, 9.69109, 3.02607)
(2.25998, 8.38873, 2.94946)
(2.37489, 8.04398, 3.17929)
(2.06845, 9.46126, 2.94946)
(2.71963, 9.30804, 3.10268)
(2.68133, 9.8443, 1.53219)
(1.53219, 9.8443, 1.72371)
(1.49388, 8.31211, 2.18337)
(1.49388, 7.43111, 2.29828)
(2.75794, 8.69516, 2.79624)
(3.33251, 10.9934, 2.64302)
(2.98777, 8.31211, 2.64302)
(3.06437, 9.88261, 2.91116)
(2.22167, 8.65686, 2.33659)
(2.25998, 8.08229, 2.64302)
(2.25998, 9.806, 2.37489)
(2.33659, 9.92091, 2.60472)
(2.37489, 9.8443, 2.06845)
(1.6088, 9.8443, 1.6088)
(1.72371, 8.38873, 1.76202)
(1.6088, 7.50772, 1.6471)
(1.68541, 8.46534, 1.95354)
(2.60472, 11.6063, 2.22167)
(3.14098, 7.77585, 2.60472)
(2.22167, 10.4955, 2.83455)
(2.60472, 7.58433, 2.52811)
(2.87285, 7.92907, 2.64302)
(3.2942, 9.49956, 2.64302)
(3.37081, 11.3382, 2.52811)
(2.4515, 8.65686, 1.76202)
(1.95354, 9.88261, 1.41727)
(1.53219, 8.65686, 1.30236)
(1.57049, 7.43111, 1.6088)
(1.83862, 8.1972, 2.25998)
(2.14506, 12.449, 2.71963)
(2.94946, 7.96737, 2.64302)
(2.33659, 10.0358, 2.98777)
(2.41319, 7.92907, 2.56641)
(2.52811, 7.85246, 2.71963)
(2.37489, 9.57617, 2.94946)
(2.33659, 9.806, 2.91116)
(2.03015, 8.73347, 2.14506)
(1.87693, 9.99752, 1.95354)
(1.68541, 8.92499, 1.6471)
(1.80032, 8.12059, 1.45558)
(1.6471, 7.43111, 1.95354)
(1.49388, 9.69109, 2.25998)
(2.56641, 8.42703, 2.87285)
(1.68541, 10.4572, 2.52811)
(2.18337, 8.27381, 2.4898)
(2.06845, 8.46534, 2.75794)
(2.10676, 9.03991, 2.52811)
(1.95354, 9.0016, 2.68133)
(2.10676, 10.0741, 2.52811)
(1.49388, 7.85246, 2.68133)
(1.37897, 9.8443, 2.83455)
(1.37897, 9.57617, 2.25998)
(1.22575, 8.69516, 1.80032)
(1.11084, 9.19312, 1.41727)
(2.06845, 9.03991, 1.45558)
(1.95354, 9.92091, 1.49388)
(1.99184, 9.72939, 1.72371)
(2.14506, 8.1589, 2.4898)
(2.03015, 8.96329, 2.18337)
(2.29828, 8.42703, 3.2942)
(2.29828, 8.92499, 3.56234)
(2.52811, 9.23143, 4.40504)
(1.99184, 8.84838, 4.67317)
(2.25998, 8.1589, 4.82639)
(2.56641, 7.81416, 4.29012)
(2.75794, 6.5501, 3.48573)
(2.52811, 7.3928, 3.75386)
(2.52811, 8.08229, 2.94946)
(3.14098, 10.5721, 2.83455)
(2.87285, 9.19312, 2.4898)
(2.71963, 9.46126, 2.83455)
(2.37489, 9.65278, 2.25998)
(2.06845, 8.38873, 2.68133)
(2.18337, 8.42703, 2.60472)
(2.18337, 8.81008, 3.17929)
(2.03015, 10.8402, 3.37081)
(1.83862, 8.92499, 3.63894)
(1.03423, 8.81008, 1.91523)
(1.99184, 8.46534, 2.22167)
(1.41727, 7.27789, 2.4515)
(2.52811, 7.89076, 3.2942)
(2.64302, 10.1507, 3.02607)
(2.83455, 10.8785, 3.52403)
(2.87285, 7.89076, 2.64302)
(1.95354, 8.96329, 1.76202)
(1.87693, 8.08229, 2.10676)
(1.6471, 8.54194, 1.99184)
(1.72371, 10.5721, 2.37489)
(2.41319, 11.7595, 2.75794)
(1.76202, 7.43111, 2.10676)
(1.6471, 8.92499, 2.79624)
(1.80032, 7.16298, 2.33659)
(2.83455, 7.92907, 2.75794)
(2.98777, 9.95922, 3.2942)
(3.21759, 11.4148, 2.98777)
(3.37081, 7.89076, 2.33659)
(1.07253, 9.38465, 1.72371)
(1.57049, 8.04398, 1.49388)
(2.14506, 8.35042, 1.6088)
(2.64302, 10.1124, 2.56641)
(1.76202, 11.7978, 2.94946)
(0.114914, 8.12059, 2.37489)
(1.22575, 9.92091, 2.4898)
(0.689484, 7.50772, 2.10676)
(1.49388, 8.1589, 2.52811)
(1.80032, 10.304, 2.79624)
(1.72371, 12.7938, 3.2559)
(1.03423, 6.93315, 2.22167)
(1.03423, 9.34634, 1.72371)
(1.53219, 7.96737, 1.45558)
(1.95354, 8.61855, 1.72371)
(1.87693, 10.189, 2.33659)
(1.22575, 12.947, 2.22167)
(1.11084, 8.1972, 2.64302)
(0.612875, 9.99752, 2.56641)
(1.30236, 6.58841, 2.64302)
(1.11084, 7.62263, 2.52811)
(2.29828, 9.99752, 3.17929)
(2.10676, 11.6446, 3.37081)
(2.33659, 8.54194, 3.2942)
(1.34066, 9.53786, 2.4898)
(1.11084, 7.58433, 2.03015)
(1.99184, 8.27381, 1.99184)
(2.33659, 9.76769, 2.60472)
(1.80032, 12.8321, 3.02607)
(1.87693, 7.23959, 2.94946)
(0.957617, 9.69109, 3.52403)
(1.72371, 7.16298, 2.68133)
(2.03015, 7.81416, 2.71963)
(1.76202, 8.65686, 3.44742)
(1.6088, 10.4955, 3.44742)
(1.80032, 8.84838, 2.71963)
(2.29828, 9.15482, 2.25998)
(1.6088, 9.806, 1.83862)
(1.6471, 8.58025, 2.4515)
(1.57049, 8.81008, 2.18337)
(1.45558, 9.19312, 1.76202)
(1.83862, 8.88668, 2.41319)
(1.57049, 10.8019, 1.83862)
(3.02607, 7.23959, 2.41319)
(1.53219, 9.42295, 2.33659)
(1.99184, 8.65686, 3.14098)
(1.99184, 8.65686, 3.2942)
(2.14506, 9.26973, 3.2559)
(1.6088, 9.23143, 2.41319)
(1.6088, 7.73755, 2.91116)
(1.99184, 8.65686, 3.14098)
(2.18337, 8.65686, 3.44742)
(2.68133, 9.806, 3.94538)
(2.41319, 9.15482, 3.10268)
(2.41319, 9.49956, 2.03015)
(1.80032, 9.61448, 2.22167)
(1.76202, 7.81416, 1.99184)
(1.72371, 8.27381, 2.10676)
(1.76202, 8.58025, 2.10676)
(1.83862, 9.34634, 2.87285)
(1.95354, 12.449, 2.33659)
(2.41319, 6.35858, 3.02607)
(0.727789, 10.3806, 2.18337)
(2.60472, 7.3545, 2.4898)
(2.4898, 8.35042, 3.10268)
(2.87285, 8.69516, 3.2559)
(2.37489, 10.189, 2.29828)
(2.4898, 8.1972, 2.79624)
(1.57049, 9.99752, 1.76202)
(1.53219, 7.16298, 1.37897)
(1.6471, 7.58433, 2.71963)
(1.80032, 8.08229, 3.06437)
(2.29828, 11.7595, 2.14506)
(2.56641, 7.66094, 2.60472)
(1.80032, 10.5721, 1.34066)
(2.33659, 7.62263, 2.33659)
(1.41727, 8.23551, 3.06437)
(1.87693, 8.84838, 3.2942)
(1.76202, 9.23143, 2.79624)
(2.14506, 9.11651, 2.56641)
(2.10676, 9.53786, 2.56641)
(1.30236, 8.08229, 1.87693)
(1.22575, 7.73755, 1.91523)
(2.4898, 7.85246, 2.71963)
(2.64302, 9.23143, 2.91116)
(2.71963, 7.89076, 2.98777)
(2.41319, 9.99752, 2.75794)
(2.71963, 7.3545, 3.02607)
(2.71963, 7.62263, 3.40912)
(2.75794, 9.23143, 3.52403)
(2.4898, 9.76769, 3.06437)
(2.37489, 8.50364, 3.2559)
(2.10676, 9.88261, 2.06845)
(2.06845, 8.54194, 1.95354)
(1.68541, 7.73755, 1.87693)
(1.87693, 7.77585, 2.25998)
(2.29828, 9.26973, 3.02607)
(2.33659, 8.73347, 3.52403)
(1.6471, 9.69109, 2.68133)
(1.99184, 8.04398, 3.21759)
(1.95354, 8.27381, 2.87285)
(2.41319, 8.00568, 3.37081)
(2.33659, 9.92091, 3.67725)
(2.56641, 10.9168, 4.17521)
(2.4898, 8.27381, 2.22167)
(1.49388, 9.57617, 1.87693)
(1.6471, 8.46534, 1.87693)
(2.4898, 7.77585, 2.33659)
(2.71963, 7.08637, 2.83455)
(2.83455, 7.3545, 3.56234)
(4.0603, 11.2999, 4.0603)
(2.4515, 7.81416, 2.41319)
(2.83455, 8.50364, 3.10268)
(3.33251, 8.65686, 3.33251)
(5.59248, 9.15482, 2.94946)
(7.77585, 10.9168, 4.71148)
(7.96737, 13.5216, 6.35858)
(12.5639, 10.9168, 2.87285)
(-1.53219, 3.90708, -0.881008)
(-6.32027, 0.0766094, 0.0383047)
(-5.17113, 0.459656, 0.0766094)
(-4.74978, 7.96737, -0.881008)
(25.1279, 16.2412, 4.903)
(15.6666, 5.43926, 6.74162)
(15.4751, 5.7074, 5.20944)
(9.88261, 7.23959, 3.67725)
(15.4368, 8.58025, 4.25182)
(18.6544, 8.04398, -0.612875)
(6.66501, 2.22167, -1.57049)
(-5.86062, 3.63894, 1.07253)
(-3.83047, -4.74978, 2.22167)
(3.40912, -8.96329, 3.14098)
(-0.612875, 1.6088, 1.11084)
(3.86877, 2.75794, -0.689484)
(24.6682, 11.9894, -1.26405)
(19.4205, 2.60472, -0.689484)
(10.7636, 3.52403, -0.383047)
(7.31619, 5.36266, -1.18745)
(8.81008, 4.44334, -0.459656)
(8.92499, 4.78809, 0.57457)
(20.8761, 5.7074, -0.995922)
(14.5941, 6.12875, -2.18337)
(-1.34066, 4.82639, -0.727789)
(-7.69924, -0.919312, 1.95354)
(-7.46941, -9.34634, 3.44742)
(4.71148, -9.34634, 3.06437)
(2.83455, -8.54194, 2.25998)
(2.33659, -8.61855, 2.71963)
(3.56234, -8.1972, 3.02607)
(3.33251, -7.31619, 2.75794)
(5.32435, -7.58433, 2.25998)
(5.20944, -8.42703, 1.45558)
(6.81823, -7.50772, 1.22575)
(7.08637, -7.43111, 1.68541)
(7.08637, -6.81823, 1.6088)
(6.58841, -6.24366, 1.22575)
(6.47349, -5.7457, 1.49388)
(7.62263, -5.20944, 2.41319)
(8.23551, -4.78809, 3.33251)
(7.43111, -4.40504, 3.67725)
(7.12467, -3.63894, 4.17521)
(8.31211, -4.0603, 4.02199)
(8.31211, -3.21759, 3.75386)
(8.69516, -2.68133, 3.10268)
(8.69516, -1.80032, 3.17929)
(9.11651, -1.53219, 2.94946)
(9.0016, -0.306437, 3.33251)
(9.38465, 0.383047, 2.91116)
(9.46126, 1.37897, 2.87285)
(9.30804, 1.30236, 2.41319)
(8.1589, 0.57457, 1.72371)
(9.53786, 0.65118, 0.919312)
(8.35042, 0.536266, 3.21759)
(8.50364, 2.56641, 2.79624)
(8.46534, 1.76202, 3.37081)
(8.77177, 3.2559, 3.67725)
(7.85246, 2.18337, 3.48573)
(7.69924, 1.91523, 4.0603)
(7.92907, 2.29828, 3.56234)
(8.04398, 2.60472, 4.29012)
(9.61448, 2.71963, 3.40912)
(7.96737, 3.75386, 2.68133)
(8.35042, 3.44742, 2.56641)
(8.04398, 2.98777, 2.75794)
(8.46534, 3.17929, 2.56641)
(8.65686, 2.68133, 2.18337)
(8.73347, 2.4898, 2.4898)
(8.69516, 3.02607, 2.91116)
(8.08229, 2.98777, 3.06437)
(8.31211, 3.17929, 3.71555)
(8.31211, 2.75794, 3.48573)
(8.23551, 1.80032, 2.79624)
(8.81008, 1.68541, 2.22167)
(9.72939, 3.17929, 2.4898)
(9.26973, 3.48573, 2.64302)
(8.35042, 2.98777, 0.881008)
(8.88668, 2.4515, 1.41727)
(8.88668, 1.87693, 0.383047)
(8.96329, 1.6088, 1.11084)
(9.61448, 0.766094, 1.07253)
(9.61448, 0.919312, 0.842703)
(9.38465, 1.6088, -0.191523)
(9.38465, 1.6471, 0.229828)
(8.92499, 1.37897, 0.536266)
(8.84838, 0.536266, 0.57457)
(9.07821, 0.0383047, 0.306437)
(9.23143, 0.114914, 0.306437)
(9.76769, 0.344742, 1.11084)
(9.76769, 0.497961, -0.153219)
(8.50364, 0.497961, 0.153219)
(9.65278, 0.842703, 0.306437)
(9.76769, 0.0383047, 1.45558)
(9.38465, 0.229828, 1.72371)
(9.34634, -0.0766094, 2.10676)
(9.23143, -0.57457, 2.94946)
(8.88668, -0.57457, 3.83047)
(6.66501, -1.34066, 6.39688)
(6.5501, -0.689484, 6.28197)
(5.97553, -0.919312, 6.47349)
(6.20536, -0.459656, 7.96737)
(5.47757, -0.497961, 8.46534)
(3.79216, 0.459656, 9.92091)
(3.94538, -0.114914, 8.92499)
(4.17521, -0.881008, 8.61855)
(4.25182, -1.07253, 8.46534)
(4.02199, -0.881008, 8.92499)
(3.60064, -1.03423, 9.26973)
(3.63894, -0.957617, 8.73347)
(4.55826, -0.995922, 9.11651)
(4.55826, -1.07253, 8.88668)
(4.67317, -0.612875, 9.03991)
(4.82639, -1.18745, 8.61855)
(4.55826, -1.11084, 8.58025)
(4.36673, -1.34066, 8.81008)
(4.29012, -1.30236, 8.27381)
(3.71555, -0.65118, 8.88668)
(4.25182, -0.919312, 8.84838)
(4.32843, -1.26405, 8.84838)
(4.13691, -1.34066, 8.61855)
(4.25182, -1.18745, 8.38873)
(4.97961, -1.26405, 8.1589)
(4.82639, -1.03423, 8.96329)
(5.09452, -1.14914, 8.46534)
(5.17113, -1.18745, 8.00568)
(5.32435, -1.22575, 8.08229)
(4.82639, -1.07253, 8.31211)
(4.63487, -1.18745, 8.38873)
(4.97961, -1.22575, 8.31211)
(5.13283, -1.07253, 8.27381)
(5.20944, -1.14914, 8.58025)
(4.97961, -1.18745, 8.35042)
(5.17113, -1.26405, 8.08229)
(5.17113, -1.22575, 8.1589)
(5.24774, -1.30236, 8.1589)
(5.36266, -1.18745, 8.00568)
(5.13283, -1.07253, 7.92907)
(5.28605, -1.41727, 8.12059)
(5.32435, -1.14914, 8.08229)
(5.7457, -1.30236, 8.1972)
(5.28605, -1.07253, 8.04398)
(5.32435, -0.995922, 7.89076)
(5.47757, -1.11084, 8.08229)
(5.32435, -1.11084, 8.31211)
(5.36266, -1.07253, 8.00568)
(5.24774, -1.11084, 8.08229)
(5.20944, -1.07253, 7.92907)
(5.51587, -1.03423, 7.54602)
(5.59248, -1.11084, 8.23551)
(4.71148, -0.842703, 8.23551)
(5.59248, -0.842703, 7.89076)
(5.63079, -0.689484, 7.62263)
(5.43926, -0.766094, 7.81416)
(5.28605, -0.842703, 8.23551)
(5.17113, -1.11084, 8.00568)
(5.05622, -1.22575, 8.31211)
(5.09452, -1.14914, 7.92907)
(5.63079, -1.30236, 8.12059)
(5.59248, -1.22575, 8.04398)
(4.29012, -1.41727, 8.35042)
(4.74978, -1.45558, 8.50364)
(4.903, -1.49388, 8.35042)
(4.71148, -1.37897, 8.04398)
(5.01791, -1.34066, 8.38873)
(4.903, -1.37897, 8.08229)
(4.97961, -1.30236, 8.23551)
(5.05622, -1.34066, 7.77585)
(5.05622, -1.49388, 8.1972)
(5.13283, -1.41727, 8.35042)
(5.13283, -1.49388, 8.04398)
(4.903, -1.30236, 8.31211)
(5.09452, -1.37897, 8.12059)
(4.903, -1.41727, 8.23551)
(4.74978, -1.26405, 8.12059)
(4.903, -1.11084, 8.31211)
(5.59248, -1.37897, 8.00568)
(5.59248, -1.37897, 7.73755)
(5.47757, -1.49388, 7.89076)
(5.36266, -1.68541, 7.3545)
(5.40096, -1.68541, 7.66094)
(5.59248, -1.68541, 7.92907)
(5.59248, -1.68541, 7.81416)
(5.59248, -1.6471, 7.96737)
(5.63079, -1.53219, 7.73755)
(5.51587, -1.57049, 7.89076)
(5.47757, -1.49388, 7.77585)
(5.51587, -1.37897, 7.77585)
(5.43926, -1.45558, 8.00568)
(5.55418, -1.57049, 8.12059)
(5.78401, -1.68541, 7.77585)
(5.66909, -1.49388, 7.3545)
(5.28605, -1.57049, 8.04398)
(5.24774, -1.68541, 7.69924)
(5.43926, -1.53219, 8.12059)
(5.32435, -1.57049, 7.85246)
(5.24774, -1.72371, 7.96737)
(5.32435, -1.6088, 8.08229)
(5.43926, -1.45558, 8.08229)
(5.36266, -1.53219, 7.77585)
(5.40096, -1.57049, 7.92907)
(5.36266, -1.6088, 7.73755)
(5.36266, -1.45558, 8.08229)
(5.24774, -1.57049, 7.92907)
(5.24774, -1.6088, 8.1589)
(4.40504, -1.41727, 8.1589)
(4.97961, -1.6088, 8.12059)
(5.01791, -1.41727, 8.31211)
(4.82639, -1.45558, 8.38873)
(4.903, -1.30236, 8.50364)
(4.67317, -1.30236, 9.15482)
(4.86469, -1.45558, 8.12059)
(4.21351, -1.53219, 8.46534)
(4.13691, -1.41727, 8.54194)
(4.71148, -1.45558, 8.58025)
(3.48573, -1.76202, 9.11651)
(3.90708, -1.30236, 8.38873)
(4.71148, -1.6471, 8.96329)
(4.25182, -1.30236, 8.54194)
(4.17521, -1.30236, 8.31211)
(4.71148, -1.53219, 8.73347)
(4.74978, -1.41727, 8.04398)
(5.05622, -1.6088, 9.0016)
(4.78809, -1.30236, 8.77177)
(4.0986, -1.03423, 8.73347)
(4.59656, -0.0383047, 9.0016)
(4.74978, 0.191523, 7.62263)
(6.93315, -0.306437, 5.17113)
(8.96329, -1.30236, 3.98369)
(8.1589, -1.26405, 3.67725)
(7.77585, 0.0, 4.21351)
(7.89076, 0.881008, 5.05622)
(9.15482, 1.11084, 4.59656)
(9.23143, 1.26405, 3.52403)
(8.04398, 2.25998, 3.2559)
(7.92907, 2.22167, 2.79624)
(10.4189, 2.94946, 2.83455)
(25.8174, 6.35858, 10.1507)
(23.0594, 14.5175, 4.48165)
(-9.26973, 11.185, -9.26973)
(-6.66501, -5.36266, 1.37897)
(-2.4515, -0.421352, 2.22167)
(-3.56234, 9.42295, -3.14098)
(23.4425, 27.3878, 3.79216)
(22.9445, 5.82231, 11.9511)
(10.189, 6.47349, 4.17521)
(11.4914, 6.62671, 4.02199)
(21.3357, 9.15482, 6.20536)
(17.1988, 14.0578, 3.02607)
(-7.92907, 9.92091, -3.2942)
(-8.77177, -4.29012, 0.57457)
(4.13691, -9.72939, 5.7457)
(0.804398, -5.01791, 0.995922)
(-2.06845, 0.306437, -0.114914)
(1.57049, 6.39688, -0.421352)
(29.3031, 30.1458, 9.15482)
(29.1499, 6.32027, 7.69924)
(8.23551, 7.31619, 3.40912)
(7.58433, 7.50772, 3.14098)
(13.6365, 8.1972, 4.0986)
(20.0333, 9.72939, 4.97961)
(10.189, 7.58433, 1.26405)
(9.99752, 3.10268, -0.65118)
(-1.53219, -5.97553, 0.727789)
(4.17521, -8.46534, 3.10268)
(4.51995, -8.69516, 3.10268)
(4.67317, -8.12059, 3.56234)
(4.67317, -7.89076, 2.75794)
(4.86469, -8.35042, 3.10268)
(4.86469, -7.46941, 3.21759)
(4.903, -7.73755, 2.83455)
(4.9413, -7.58433, 2.94946)
(4.9413, -7.62263, 3.40912)
(4.903, -6.5118, 3.33251)
(4.59656, -7.12467, 2.94946)
(4.48165, -5.28605, 3.37081)
(3.86877, -5.97553, 2.68133)
(3.71555, -3.90708, 2.22167)
(6.58841, -1.83862, 2.87285)
(9.8443, 1.57049, 3.52403)
(11.1084, 6.32027, 3.67725)
(10.1507, 7.46941, 3.37081)
(7.43111, 7.31619, 2.52811)
(7.31619, 8.04398, 2.4515)
(4.71148, 7.69924, 1.57049)
(4.71148, 7.46941, 1.80032)
(3.48573, 7.66094, 1.83862)
(3.37081, 9.19312, 1.91523)
(3.17929, 8.96329, 2.29828)
(2.4515, 8.84838, 2.18337)
(2.33659, 8.69516, 1.76202)
(3.10268, 8.42703, 1.34066)
(3.14098, 8.58025, 1.80032)
(3.14098, 8.65686, 1.6471)
(2.71963, 8.84838, 1.87693)
(2.68133, 9.57617, 2.06845)
(2.4898, 8.73347, 1.95354)
(2.4515, 8.23551, 1.91523)
(2.4898, 8.96329, 1.99184)
(2.68133, 9.42295, 1.87693)
(2.52811, 9.0016, 2.14506)
(2.60472, 8.08229, 2.4515)
(2.52811, 7.85246, 2.10676)
(3.10268, 8.88668, 2.10676)
(4.21351, 8.58025, 3.44742)
(4.21351, 8.88668, 3.94538)
(4.97961, 8.1972, 3.21759)
(5.01791, 6.24366, 3.02607)
(5.32435, 6.28197, 3.44742)
(5.13283, 7.3545, 3.40912)
(5.17113, 7.31619, 3.10268)
(4.02199, 7.89076, 3.56234)
(4.0986, 8.1972, 3.90708)
(3.14098, 8.50364, 3.94538)
(3.33251, 8.23551, 3.56234)
(2.52811, 8.27381, 3.98369)
(1.95354, 8.92499, 3.86877)
(1.83862, 8.38873, 3.83047)
(2.10676, 8.00568, 3.48573)
(2.18337, 8.58025, 3.17929)
(1.6088, 8.96329, 3.40912)
(1.26405, 9.8443, 3.37081)
(0.957617, 8.65686, 3.2559)
(1.11084, 9.34634, 2.75794)
(0.612875, 9.23143, 2.68133)
(0.919312, 10.0358, 2.79624)
(0.689484, 10.1507, 2.83455)
(0.0383047, 9.19312, 2.4898)
(0.459656, 8.77177, 2.56641)
(0.65118, 8.96329, 2.22167)
(0.957617, 9.19312, 2.18337)
(1.07253, 9.0016, 2.29828)
(1.14914, 9.15482, 2.37489)
(1.14914, 8.54194, 2.10676)
(1.53219, 9.0016, 2.14506)
(1.53219, 9.57617, 2.18337)
(1.45558, 8.84838, 1.91523)
(1.14914, 8.31211, 1.72371)
(1.37897, 8.50364, 2.03015)
(1.37897, 8.96329, 1.76202)
(1.6471, 8.84838, 2.25998)
(1.6471, 8.73347, 2.33659)
(1.76202, 8.73347, 2.37489)
(1.41727, 8.54194, 2.71963)
(1.91523, 9.07821, 2.52811)
(1.80032, 9.15482, 2.37489)
(1.72371, 9.0016, 2.4898)
(1.83862, 8.84838, 2.06845)
(1.87693, 8.84838, 2.60472)
(1.53219, 9.15482, 2.71963)
(1.37897, 9.07821, 2.4515)
(1.34066, 9.0016, 2.33659)
(1.49388, 9.15482, 2.06845)
(1.57049, 8.88668, 2.83455)
(1.57049, 9.19312, 1.99184)
(1.6471, 9.15482, 2.03015)
(1.53219, 9.07821, 2.41319)
(1.6088, 9.23143, 2.29828)
(1.57049, 8.65686, 1.68541)
(1.68541, 8.58025, 1.99184)
(1.72371, 8.88668, 1.68541)
(1.49388, 8.35042, 2.18337)
(1.37897, 8.38873, 1.76202)
(1.26405, 8.92499, 1.68541)
(1.30236, 8.84838, 1.87693)
(1.34066, 9.65278, 1.95354)
(1.49388, 9.53786, 1.87693)
(1.41727, 9.19312, 1.99184)
(1.14914, 9.23143, 1.72371)
(1.30236, 8.84838, 1.6088)
(1.34066, 8.50364, 1.49388)
(1.26405, 9.03991, 2.29828)
(1.99184, 9.11651, 2.94946)
(2.94946, 11.1084, 3.21759)
(3.44742, 10.0741, 3.48573)
(3.2559, 6.97145, 3.86877)
(2.4515, 8.46534, 3.02607)
(2.64302, 8.65686, 3.40912)
(2.64302, 8.38873, 4.74978)
(2.41319, 8.42703, 3.2559)
(2.18337, 8.35042, 2.79624)
(2.14506, 8.77177, 2.87285)
(2.79624, 8.73347, 3.37081)
(1.99184, 8.50364, 3.2559)
(2.25998, 8.73347, 2.60472)
(1.95354, 8.96329, 2.4515)
(1.6471, 9.15482, 2.41319)
(1.57049, 9.34634, 2.18337)
(1.30236, 9.72939, 1.6471)
(1.34066, 9.95922, 1.49388)
(0.383047, 9.95922, 1.14914)
(0.191523, 9.72939, 0.842703)
(0.306437, 10.0741, 0.881008)
(0.191523, 9.65278, 1.57049)
(0.344742, 9.61448, 1.49388)
(0.65118, 9.15482, 1.14914)
(0.612875, 8.96329, 1.11084)
(0.766094, 9.30804, 1.41727)
(0.919312, 9.49956, 1.37897)
(0.881008, 9.26973, 1.34066)
(1.07253, 8.88668, 1.6471)
(1.07253, 8.81008, 1.68541)
(1.34066, 8.65686, 1.57049)
(1.34066, 8.69516, 1.6471)
(1.37897, 8.61855, 2.22167)
(1.45558, 8.69516, 2.06845)
(1.99184, 8.81008, 2.29828)
(1.91523, 9.15482, 2.41319)
(1.72371, 8.61855, 2.33659)
(2.03015, 9.07821, 2.18337)
(1.76202, 8.65686, 2.03015)
(1.99184, 9.11651, 2.25998)
(1.80032, 9.11651, 2.18337)
(1.91523, 8.84838, 2.10676)
(1.95354, 9.34634, 2.22167)
(1.76202, 9.34634, 2.10676)
(1.72371, 8.73347, 1.72371)
(1.80032, 9.03991, 2.06845)
(1.49388, 8.92499, 1.6471)
(1.76202, 8.73347, 1.53219)
(1.68541, 8.88668, 1.6088)
(1.72371, 8.81008, 1.6088)
(1.49388, 8.61855, 2.22167)
(1.30236, 9.23143, 2.10676)
(1.30236, 9.0016, 2.10676)
(1.6088, 9.0016, 1.6471)
(1.72371, 8.88668, 1.53219)
(1.45558, 8.96329, 2.10676)
(1.53219, 9.53786, 2.25998)
(1.53219, 9.03991, 2.10676)
(1.37897, 8.81008, 1.83862)
(1.34066, 8.58025, 1.72371)
(1.49388, 8.42703, 2.18337)
(1.53219, 8.92499, 2.91116)
(3.10268, 10.0358, 3.52403)
(3.17929, 10.5721, 4.44334)
(9.0016, 6.81823, 7.27789)
(3.75386, 5.51587, 3.2559)
(4.82639, 7.3545, 4.40504)
(5.01791, 6.58841, 5.24774)
(4.78809, 6.47349, 4.82639)
(4.86469, 6.77993, 4.0603)
(4.29012, 6.93315, 4.67317)
(4.86469, 6.74162, 4.59656)
(4.74978, 6.97145, 4.40504)
(5.13283, 6.85654, 3.48573)
(5.24774, 6.43519, 3.21759)
(5.05622, 6.70332, 3.10268)
(4.97961, 6.93315, 3.44742)
(4.9413, 7.54602, 2.64302)
(4.13691, 8.08229, 2.64302)
(3.60064, 9.53786, 2.64302)
(2.4515, 10.1124, 2.71963)
(1.91523, 10.2273, 2.4898)
(1.68541, 9.806, 2.22167)
(1.49388, 9.57617, 1.87693)
(1.53219, 8.31211, 1.80032)
(1.41727, 8.27381, 1.83862)
(1.6088, 9.49956, 1.68541)
(1.18745, 9.806, 2.06845)
(0.881008, 10.0358, 2.25998)
(2.10676, 9.53786, 2.68133)
(1.53219, 9.26973, 2.03015)
(1.49388, 8.58025, 1.49388)
(1.6471, 8.27381, 1.53219)
(1.80032, 7.58433, 1.95354)
(1.95354, 8.50364, 2.56641)
(2.03015, 8.46534, 2.71963)
(1.95354, 8.46534, 2.87285)
(2.03015, 8.61855, 2.60472)
(2.25998, 8.88668, 2.29828)
(2.06845, 8.92499, 2.64302)
(2.03015, 8.84838, 2.83455)
(1.99184, 8.96329, 2.22167)
(1.83862, 8.81008, 2.52811)
(1.91523, 9.11651, 2.87285)
(2.03015, 8.88668, 2.41319)
(2.03015, 8.77177, 2.75794)
(1.68541, 8.81008, 2.06845)
(1.49388, 8.81008, 2.03015)
(1.53219, 9.07821, 1.80032)
(1.83862, 9.23143, 1.6088)
(1.76202, 9.0016, 1.80032)
(1.6471, 8.81008, 2.03015)
(1.72371, 8.31211, 1.80032)
(1.53219, 8.81008, 1.41727)
(1.53219, 9.03991, 1.76202)
(1.53219, 9.19312, 1.57049)
(1.6471, 9.11651, 1.95354)
(1.68541, 8.96329, 2.14506)
(1.72371, 8.73347, 1.95354)
(1.95354, 8.31211, 2.41319)
(1.76202, 8.54194, 2.29828)
(1.83862, 9.26973, 2.60472)
(2.33659, 9.03991, 3.2559)
(4.51995, 10.2273, 3.83047)
(4.51995, 10.3806, 3.98369)
(4.55826, 6.20536, 3.33251)
(3.52403, 6.81823, 2.75794)
(3.14098, 8.77177, 3.17929)
(3.44742, 8.46534, 4.13691)
(2.94946, 8.58025, 4.97961)
(2.87285, 8.54194, 4.0603)
(2.33659, 8.73347, 3.71555)
(2.22167, 8.38873, 3.48573)
(2.14506, 8.1589, 3.44742)
(1.6471, 8.65686, 3.10268)
(1.57049, 8.46534, 3.52403)
(1.34066, 8.61855, 3.60064)
(1.49388, 8.73347, 3.10268)
(1.45558, 9.57617, 2.83455)
(1.37897, 10.2657, 2.94946)
(1.41727, 9.57617, 2.52811)
(1.30236, 9.49956, 1.45558)
(1.34066, 9.95922, 1.18745)
(0.919312, 10.0358, 0.881008)
(1.18745, 9.99752, 1.6088)
(1.49388, 9.69109, 1.22575)
(1.34066, 9.57617, 1.49388)
(1.26405, 9.49956, 1.34066)
(1.41727, 8.31211, 1.57049)
(1.34066, 8.38873, 1.72371)
(1.34066, 9.26973, 1.53219)
(1.45558, 9.0016, 1.83862)
(1.37897, 8.58025, 1.6088)
(1.34066, 8.38873, 1.99184)
(1.57049, 9.03991, 1.53219)
(1.76202, 8.84838, 1.76202)
(1.6088, 8.84838, 1.34066)
(1.72371, 8.73347, 1.95354)
(1.72371, 8.96329, 1.68541)
(1.6471, 9.15482, 2.10676)
(1.6088, 8.96329, 2.52811)
(1.72371, 9.0016, 1.95354)
(1.6471, 8.84838, 1.99184)
(1.68541, 8.96329, 1.83862)
(1.76202, 8.69516, 1.95354)
(1.68541, 9.19312, 2.25998)
(1.53219, 8.88668, 2.18337)
(1.49388, 9.19312, 2.03015)
(1.53219, 9.03991, 1.49388)
(1.49388, 8.96329, 1.68541)
(1.34066, 9.0016, 1.57049)
(1.18745, 9.07821, 1.26405)
(1.57049, 8.31211, 1.30236)
(1.37897, 8.92499, 1.6088)
(1.53219, 9.19312, 1.72371)
(1.26405, 9.07821, 1.30236)
(1.30236, 8.81008, 1.45558)
(1.26405, 9.49956, 1.14914)
(1.26405, 9.42295, 1.72371)
(1.14914, 9.42295, 1.41727)
(1.34066, 8.38873, 1.41727)
(1.57049, 8.38873, 1.83862)
(1.26405, 9.19312, 2.03015)
(1.49388, 10.9934, 2.68133)
(1.18745, 12.2575, 3.33251)
(1.6471, 8.84838, 4.25182)
(1.03423, 7.31619, 3.52403)
(1.68541, 8.77177, 3.48573)
(1.49388, 8.73347, 3.67725)
(1.57049, 8.38873, 3.71555)
(1.30236, 8.58025, 3.83047)
(1.30236, 8.42703, 3.48573)
(1.22575, 8.42703, 3.60064)
(1.26405, 8.61855, 3.2942)
(1.30236, 8.77177, 3.2942)
(1.22575, 8.50364, 2.98777)
(1.34066, 9.806, 2.52811)
(0.881008, 9.99752, 2.06845)
(1.68541, 9.61448, 1.87693)
(1.30236, 9.88261, 1.80032)
(1.18745, 9.92091, 1.53219)
(1.14914, 9.88261, 1.11084)
(1.41727, 9.88261, 1.45558)
(0.995922, 10.1124, 1.11084)
(1.03423, 9.72939, 0.957617)
(1.18745, 9.19312, 1.03423)
(1.30236, 8.84838, 0.957617)
(1.41727, 9.11651, 0.919312)
(1.49388, 9.11651, 1.49388)
(1.22575, 9.30804, 1.37897)
(1.22575, 8.35042, 1.49388)
(1.34066, 8.50364, 1.45558)
(1.53219, 8.73347, 1.76202)
(1.57049, 8.65686, 1.99184)
(1.6088, 8.50364, 2.10676)
(1.49388, 8.84838, 2.4898)
(1.6088, 8.77177, 2.06845)
(1.72371, 8.84838, 2.33659)
(1.76202, 8.92499, 1.91523)
(1.83862, 9.15482, 2.33659)
(1.53219, 8.92499, 2.4898)
(1.57049, 9.03991, 2.33659)
(1.57049, 8.69516, 1.99184)
(1.57049, 8.81008, 2.06845)
(1.53219, 8.69516, 1.76202)
(1.34066, 8.88668, 1.45558)
(1.37897, 8.92499, 1.26405)
(1.22575, 8.54194, 1.41727)
(1.41727, 9.03991, 1.72371)
(1.49388, 9.46126, 1.53219)
(1.6088, 9.03991, 1.6471)
(1.30236, 8.81008, 1.37897)
(1.41727, 8.54194, 1.6471)
(1.30236, 8.27381, 1.87693)
(1.37897, 7.66094, 1.72371)
(1.18745, 7.69924, 1.68541)
(2.4515, 10.8785, 3.10268)
(2.75794, 15.59, 5.51587)
(1.6088, 6.85654, 6.47349)
(1.6471, 5.86062, 4.67317)
(1.6088, 8.92499, 4.21351)
(1.57049, 8.46534, 3.14098)
(1.07253, 7.62263, 3.75386)
(1.22575, 9.11651, 6.28197)
(1.22575, 8.38873, 4.02199)
(1.11084, 8.38873, 3.10268)
(1.76202, 8.81008, 3.56234)
(1.76202, 8.50364, 4.0986)
(2.06845, 8.38873, 3.17929)
(1.76202, 8.73347, 3.06437)
(1.87693, 8.96329, 2.64302)
(1.30236, 8.58025, 2.22167)
(1.37897, 10.1507, 1.91523)
(1.37897, 11.2233, 1.80032)
(1.26405, 10.2273, 1.34066)
(1.57049, 10.189, 1.34066)
(0.957617, 9.61448, 1.11084)
(0.881008, 9.57617, 1.49388)
(1.53219, 8.92499, 1.14914)
(1.41727, 9.23143, 1.26405)
(1.34066, 8.73347, 1.80032)
(1.6471, 8.58025, 1.26405)
(2.10676, 8.65686, 1.83862)
(1.53219, 8.54194, 2.10676)
(1.45558, 8.42703, 1.99184)
(2.18337, 8.50364, 1.72371)
(2.18337, 8.69516, 1.22575)
(1.72371, 8.46534, 1.99184)
(1.72371, 9.0016, 1.99184)
(1.72371, 9.30804, 2.06845)
(1.99184, 9.15482, 1.6471)
(1.6471, 9.23143, 1.95354)
(1.80032, 9.26973, 1.53219)
(1.6471, 9.26973, 1.83862)
(1.6088, 9.07821, 2.29828)
(1.53219, 9.07821, 1.80032)
(1.80032, 9.03991, 2.06845)
(1.72371, 9.07821, 1.76202)
(1.6471, 8.77177, 1.6088)
(1.26405, 9.0016, 1.83862)
(1.30236, 9.11651, 1.76202)
(1.72371, 8.81008, 1.37897)
(1.72371, 9.46126, 1.49388)
(1.6088, 8.84838, 1.14914)
(1.53219, 8.61855, 1.26405)
(1.80032, 8.77177, 1.30236)
(2.4898, 9.34634, 1.18745)
(3.33251, 9.15482, 0.689484)
(3.2942, 8.88668, 1.11084)
(2.4898, 9.30804, 1.26405)
(2.25998, 9.11651, 1.41727)
(2.64302, 8.77177, 0.919312)
(3.21759, 7.81416, 1.26405)
(3.37081, 7.20128, 1.11084)
(3.33251, 7.3928, 0.995922)
(5.51587, 10.0358, 2.10676)
(4.02199, 9.806, 3.17929)
(7.77585, 9.61448, 9.72939)
(2.29828, 7.3545, 3.02607)
(2.03015, 7.08637, 2.87285)
(4.51995, 7.96737, 6.89484)
(4.48165, 8.08229, 4.44334)
(3.44742, 7.66094, 3.60064)
(2.87285, 8.00568, 4.0603)
(2.83455, 8.42703, 4.55826)
(2.91116, 7.66094, 4.02199)
(2.14506, 7.96737, 3.79216)
(2.25998, 8.38873, 3.21759)
(1.80032, 8.84838, 2.60472)
(1.18745, 9.76769, 2.18337)
(1.07253, 10.9168, 2.4515)
(0.727789, 10.4189, 1.6088)
(0.65118, 9.806, 0.57457)
(1.22575, 9.99752, 0.536266)
(0.612875, 10.4572, 0.268133)
(0.0, 9.65278, 0.344742)
(1.53219, 9.11651, 0.383047)
(0.995922, 9.69109, 0.421352)
(0.57457, 9.19312, 0.65118)
(0.459656, 8.54194, 1.07253)
(0.881008, 8.31211, 0.804398)
(0.842703, 8.1972, 0.65118)
(0.957617, 8.77177, 1.30236)
(1.41727, 8.54194, 1.6471)
(1.14914, 8.92499, 1.57049)
(1.45558, 8.96329, 1.68541)
(1.14914, 9.19312, 1.41727)
(1.14914, 9.34634, 1.37897)
(1.14914, 9.61448, 1.68541)
(1.22575, 9.07821, 1.57049)
(1.34066, 9.11651, 1.6471)
(1.26405, 9.03991, 1.07253)
(1.45558, 9.11651, 1.26405)
(1.6471, 9.26973, 1.18745)
(1.6471, 9.34634, 1.11084)
(1.68541, 8.61855, 1.30236)
(1.68541, 8.73347, 1.14914)
(1.41727, 9.11651, 1.53219)
(0.995922, 9.26973, 1.34066)
(1.07253, 8.92499, 1.18745)
(1.76202, 8.35042, 0.919312)
(1.6088, 8.38873, 0.804398)
(1.6471, 9.15482, 1.03423)
(1.6471, 9.99752, 0.804398)
(3.79216, 9.65278, 1.18745)
(3.98369, 7.89076, 1.41727)
(2.64302, 7.89076, 1.37897)
(1.76202, 9.61448, 1.91523)
(3.14098, 10.304, 2.94946)
(3.52403, 11.7978, 3.56234)
(3.63894, 9.11651, 3.71555)
(3.06437, 6.5118, 3.83047)
(1.91523, 8.04398, 3.90708)
(2.79624, 8.54194, 3.06437)
(1.6088, 8.08229, 4.97961)
(2.41319, 7.89076, 4.71148)
(3.2942, 7.96737, 4.29012)
(3.02607, 7.85246, 4.0986)
(2.91116, 8.12059, 4.0986)
(2.75794, 7.92907, 3.86877)
(2.91116, 8.12059, 3.67725)
(2.71963, 8.31211, 3.83047)
(2.60472, 8.61855, 3.33251)
(2.52811, 8.46534, 3.06437)
(1.6471, 8.81008, 2.91116)
(1.57049, 9.23143, 2.4898)
(1.30236, 9.92091, 2.33659)
(0.995922, 9.806, 2.06845)
(1.11084, 10.7636, 0.995922)
(0.689484, 10.304, 0.766094)
(0.612875, 9.76769, 0.919312)
(0.804398, 9.95922, 1.26405)
(0.766094, 9.34634, 1.18745)
(0.57457, 8.54194, 1.30236)
(0.65118, 9.15482, 0.536266)
(0.804398, 9.46126, 0.804398)
(0.65118, 9.61448, 1.03423)
(0.881008, 9.03991, 1.49388)
(1.03423, 9.07821, 1.49388)
(1.37897, 8.23551, 1.6088)
(1.6088, 8.23551, 1.30236)
(1.80032, 8.31211, 2.03015)
(1.83862, 7.85246, 2.18337)
(3.33251, 8.65686, 1.99184)
(3.40912, 8.65686, 2.03015)
(3.98369, 8.12059, 2.22167)
(5.40096, 9.88261, 5.09452)
(18.7693, 11.3765, 5.28605)
(23.4425, 17.8883, 0.881008)
(23.3659, 9.34634, -2.71963)
(-8.42703, 4.0986, -2.71963)
(-8.46534, -5.40096, 2.64302)
(-2.4898, 3.48573, 0.536266)
(-2.60472, 7.58433, -0.421352)
(27.2346, 31.2183, 8.23551)
(17.85, 6.97145, 7.81416)
(9.92091, 4.9413, 2.33659)
(13.7514, 7.54602, 1.45558)
(22.9828, 10.9551, 3.75386)
(17.6202, 17.1988, -0.344742)
(-6.77993, 6.35858, -4.29012)
(-6.93315, -2.79624, -1.03423)
(-6.70332, -6.35858, 2.83455)
(-1.14914, -0.229828, 0.497961)
(0.0, 2.79624, -1.53219)
(14.211, 17.7351, -0.229828)
(17.6968, 13.4066, 8.50364)
(9.8443, 6.39688, 2.75794)
(8.27381, 8.1589, 2.14506)
(13.6748, 8.50364, 1.80032)
(22.3699, 10.6104, 4.82639)
(10.4572, 9.88261, 1.41727)
(10.1124, 5.78401, -2.52811)
(-4.13691, -4.9413, 0.612875)
(-3.79216, -9.76769, 3.52403)
(2.33659, -9.11651, 3.63894)
(2.60472, -9.26973, 3.14098)
(2.94946, -8.38873, 3.67725)
(2.25998, -7.50772, 3.02607)
(2.91116, -3.79216, 0.191523)
(4.51995, -4.63487, 7.23959)
(4.29012, -4.59656, 8.38873)
(9.57617, -2.06845, 2.98777)
(9.19312, 0.497961, 1.6088)
(5.40096, 4.0603, 3.52403)
(5.82231, 6.39688, 4.67317)
(6.09044, 7.96737, 5.32435)
(5.40096, 7.27789, 4.67317)
(4.59656, 7.3545, 3.21759)
(7.85246, 7.46941, 1.22575)
(8.08229, 6.35858, 0.0383047)
(8.23551, 4.29012, -0.804398)
(9.53786, 3.56234, -0.191523)
(9.26973, 1.57049, 1.18745)
(7.62263, 0.191523, 2.68133)
(7.43111, 0.0, 3.98369)
(8.65686, 1.34066, 4.51995)
(8.69516, 0.114914, 2.87285)
(9.07821, 0.153219, 2.91116)
(9.07821, 0.383047, 2.60472)
(9.19312, 0.766094, 2.83455)
(9.03991, 0.383047, 2.22167)
(9.11651, 0.65118, 1.45558)
(7.73755, 1.76202, 0.957617)
(8.27381, 3.2559, 1.37897)
(8.1589, 2.64302, 1.49388)
(8.31211, 3.2942, 1.11084)
(8.27381, 3.02607, 0.57457)
(8.50364, 3.48573, 0.536266)
(8.42703, 3.52403, 0.842703)
(8.35042, 3.14098, 0.114914)
(9.88261, 3.52403, -0.421352)
(9.76769, 2.71963, 0.229828)
(11.4914, 2.52811, 0.229828)
(11.7212, 1.53219, -0.842703)
(7.92907, 0.421352, -0.766094)
(7.69924, 2.29828, -1.30236)
(11.2999, 1.41727, -0.689484)
(9.19312, 1.76202, -0.727789)
(7.96737, 2.29828, -0.153219)
(9.95922, 2.79624, 0.995922)
(9.92091, 2.56641, 0.65118)
(9.30804, 2.79624, 1.07253)
(8.31211, 2.25998, 0.191523)
(8.35042, 3.37081, 0.65118)
(9.11651, 3.02607, -0.0383047)
(8.46534, 3.02607, 0.344742)
(8.61855, 3.63894, 0.497961)
(8.65686, 3.79216, 0.114914)
(6.66501, 3.83047, 4.25182)
(4.71148, 2.29828, 5.7457)
(5.51587, 2.06845, 7.16298)
(5.17113, 1.6471, 6.77993)
(4.74978, 2.18337, 7.46941)
(3.56234, 2.60472, 9.03991)
(3.60064, 1.95354, 8.00568)
(5.43926, 2.06845, 7.69924)
(4.97961, 2.06845, 7.81416)
(5.09452, 1.99184, 8.23551)
(5.20944, 2.14506, 7.85246)
(4.63487, 2.14506, 7.66094)
(4.78809, 1.95354, 7.77585)
(4.71148, 1.95354, 7.3545)
(4.903, 2.71963, 8.31211)
(5.63079, 2.4515, 7.46941)
(5.20944, 2.4515, 7.62263)
(5.24774, 2.29828, 7.58433)
(5.20944, 2.29828, 7.50772)
(5.36266, 2.37489, 7.54602)
(5.17113, 2.75794, 8.1589)
(6.81823, 2.64302, 5.82231)
(6.70332, 1.87693, 2.94946)
(6.66501, 2.64302, 1.18745)
(8.58025, 4.67317, 2.22167)
(7.81416, 5.89892, 1.6088)
(7.69924, 6.70332, 2.98777)
(6.62671, 6.28197, 2.98777)
(7.04806, 6.24366, 2.56641)
(8.23551, 6.43519, 2.98777)
(16.6242, 7.96737, 4.29012)
(23.0211, 11.2233, 0.957617)
(-0.344742, 7.3545, -2.03015)
(-2.79624, -1.49388, 0.766094)
(-0.65118, -5.01791, 2.79624)
(-0.65118, -0.306437, 1.07253)
(0.191523, 4.02199, -0.957617)
(0.459656, 18.7693, 7.73755)
(17.3137, 6.16705, 6.89484)
(9.76769, 4.21351, 3.98369)
(16.1263, 6.43519, 7.23959)
(24.4767, 9.15482, 6.70332)
(24.2086, 6.77993, -2.41319)
(-6.81823, 1.99184, -1.37897)
(-2.4898, -1.26405, 1.68541)
(-0.804398, 2.83455, -0.957617)
(27.3878, 16.4327, 5.93723)
(17.8883, 2.79624, 6.09044)
(9.72939, 2.37489, 4.29012)
(9.76769, 4.63487, 3.21759)
(19.4588, 5.13283, 6.5501)
(18.5778, 7.66094, 2.52811)
(-5.28605, 6.12875, -2.68133)
(-2.06845, -4.63487, 1.87693)
(-2.03015, -8.58025, 5.09452)
(3.98369, -8.54194, 4.63487)
(3.17929, -7.69924, 4.48165)
(3.79216, -8.61855, 5.24774)
(2.91116, -8.96329, 5.7457)
(2.91116, -8.35042, 5.36266)
(0.459656, -8.31211, 3.94538)
(-0.497961, -8.46534, 5.05622)
(-1.03423, -8.96329, 5.47757)
(-1.91523, -8.42703, 4.86469)
(-2.52811, -7.58433, 3.44742)
(-2.79624, -7.69924, 3.48573)
(-2.94946, -8.1589, 4.25182)
(-2.94946, -8.1972, 4.29012)
(-2.91116, -8.08229, 3.98369)
(-3.14098, -8.35042, 3.02607)
(-3.06437, -8.38873, 3.48573)
(-3.14098, -8.54194, 3.40912)
(-2.98777, -8.77177, 3.44742)
(-2.79624, -9.11651, 3.48573)
(-2.52811, -8.84838, 3.60064)
(-2.64302, -8.50364, 3.37081)
(-2.60472, -8.65686, 3.79216)
(-3.37081, -8.54194, 3.63894)
(-3.90708, -7.69924, 2.94946)
(-3.17929, -7.73755, 2.60472)
(-1.30236, -8.65686, 2.64302)
(0.995922, -8.50364, 3.71555)
(3.14098, -7.43111, 2.87285)
(3.79216, -8.1589, 2.60472)
(3.90708, -7.04806, 2.52811)
(6.70332, -6.74162, 2.87285)
(6.66501, -5.40096, 2.68133)
(7.89076, -4.21351, 2.68133)
(9.07821, -3.06437, 3.02607)
(9.30804, -1.53219, 3.48573)
(9.57617, -0.995922, 3.21759)
(9.65278, -0.459656, 3.40912)
(9.88261, -0.0766094, 4.63487)
(9.99752, 0.229828, 4.86469)
(9.99752, 0.0, 4.63487)
(9.61448, -0.421352, 4.51995)
(8.84838, -1.53219, 4.40504)
(7.58433, -2.4515, 4.67317)
(7.20128, -3.98369, 4.9413)
(6.89484, -4.59656, 4.74978)
(6.20536, -5.51587, 4.67317)
(5.05622, -6.20536, 4.48165)
(3.71555, -7.04806, 4.55826)
(2.71963, -7.62263, 4.32843)
(2.60472, -8.27381, 4.44334)
(0.727789, -8.73347, 3.94538)
(0.881008, -8.69516, 3.75386)
(-0.306437, -8.54194, 3.75386)
(-1.34066, -8.65686, 3.40912)
(-2.41319, -8.38873, 3.83047)
(-3.21759, -8.77177, 3.56234)
(-3.60064, -8.31211, 3.44742)
(-4.25182, -8.00568, 2.94946)
(-4.25182, -8.04398, 3.02607)
(-4.0986, -8.12059, 3.44742)
(-4.21351, -7.96737, 3.52403)
(-4.67317, -7.20128, 3.17929)
(-4.63487, -8.35042, 3.33251)
(-0.612875, -8.96329, 3.40912)
(-0.612875, -8.69516, 3.2559)
(1.26405, -9.23143, 2.94946)
(2.37489, -8.50364, 2.83455)
(3.44742, -7.54602, 2.64302)
(4.82639, -7.58433, 2.56641)
(6.01384, -6.62671, 1.95354)
(7.46941, -6.09044, 1.80032)
(7.46941, -5.43926, 0.919312)
(8.04398, -4.59656, 1.57049)
(8.92499, -3.98369, 1.37897)
(9.07821, -2.41319, 1.91523)
(9.30804, -2.03015, 2.18337)
(9.42295, -0.421352, 1.91523)
(9.61448, 0.0, 2.37489)
(9.42295, 0.153219, 2.22167)
(10.0741, 0.57457, 2.4515)
(9.99752, 0.536266, 2.75794)
(10.1507, 0.459656, 2.60472)
(10.4572, 0.114914, 1.83862)
(9.76769, -0.689484, 1.18745)
(9.806, -1.6471, 1.34066)
(9.61448, -2.14506, 1.26405)
(8.46534, -3.33251, 1.03423)
(8.54194, -4.82639, 0.919312)
(6.43519, -5.7457, 1.37897)
(5.51587, -6.89484, 1.49388)
(4.74978, -7.77585, 1.99184)
(3.10268, -8.38873, 2.29828)
(2.37489, -8.61855, 2.37489)
(1.68541, -8.77177, 2.79624)
(0.497961, -8.77177, 2.41319)
(0.497961, -9.19312, 2.60472)
(-0.727789, -9.26973, 2.83455)
(-0.57457, -9.07821, 2.52811)
(-2.14506, -9.07821, 2.94946)
(-2.41319, -8.81008, 2.60472)
(-2.71963, -9.03991, 2.83455)
(-3.10268, -9.07821, 2.60472)
(-2.87285, -8.84838, 2.4898)
(-3.44742, -8.31211, 2.25998)
(-3.40912, -8.69516, 2.41319)
(-0.383047, -8.77177, 3.06437)
(-0.497961, -8.92499, 2.87285)
(2.18337, -8.23551, 2.29828)
(3.67725, -8.00568, 3.10268)
(3.83047, -8.31211, 2.91116)
(5.7074, -7.08637, 2.83455)
(5.86062, -6.24366, 2.56641)
(7.16298, -6.01384, 2.75794)
(7.04806, -4.48165, 3.17929)
(8.81008, -4.40504, 2.22167)
(8.88668, -3.67725, 1.99184)
(9.26973, -2.91116, 2.25998)
(9.46126, -3.02607, 1.76202)
(9.42295, -2.18337, 2.10676)
(8.77177, -2.14506, 2.22167)
(8.81008, -1.6471, 2.18337)
(9.03991, -1.03423, 2.79624)
(9.15482, -0.612875, 2.91116)
(9.88261, -0.536266, 2.94946)
(10.4189, -0.191523, 3.52403)
(10.6104, -0.306437, 3.33251)
(9.8443, -1.11084, 3.10268)
(9.42295, -2.25998, 3.33251)
(9.38465, -2.94946, 3.06437)
(7.69924, -4.21351, 3.21759)
(6.5118, -5.59248, 2.83455)
(4.86469, -6.5501, 2.22167)
(3.86877, -7.46941, 2.91116)
(3.56234, -7.85246, 3.63894)
(2.4898, -8.31211, 3.33251)
(1.6471, -8.69516, 3.52403)
(1.11084, -8.69516, 3.21759)
(0.383047, -8.92499, 3.14098)
(-0.65118, -9.03991, 2.91116)
(-1.07253, -8.96329, 3.37081)
(-1.68541, -9.07821, 2.79624)
(-2.06845, -9.19312, 2.98777)
(-2.03015, -8.96329, 3.06437)
(-2.33659, -9.03991, 3.37081)
(-2.87285, -8.38873, 3.71555)
(-2.79624, -8.77177, 3.17929)
(-2.37489, -8.58025, 2.83455)
(-0.804398, -8.81008, 2.22167)
(1.22575, -8.84838, 2.83455)
(1.14914, -8.27381, 2.68133)
(3.37081, -8.31211, 2.33659)
(4.74978, -7.89076, 3.02607)
(6.05214, -6.12875, 2.52811)
(7.27789, -6.24366, 2.18337)
(7.3545, -4.97961, 2.18337)
(8.54194, -4.78809, 2.33659)
(8.65686, -3.63894, 2.56641)
(8.50364, -2.87285, 2.64302)
(8.96329, -2.33659, 2.68133)
(8.88668, -1.99184, 3.06437)
(9.26973, -1.57049, 3.02607)
(9.69109, -1.57049, 3.2942)
(9.46126, -1.18745, 3.02607)
(8.92499, -1.07253, 3.14098)
(8.84838, -1.30236, 3.2942)
(9.49956, -1.68541, 3.52403)
(9.61448, -1.6088, 3.14098)
(9.26973, -1.83862, 3.56234)
(9.15482, -2.52811, 2.79624)
(8.58025, -3.37081, 2.75794)
(8.23551, -4.02199, 2.75794)
(7.81416, -4.59656, 2.79624)
(7.3928, -5.32435, 1.99184)
(6.77993, -5.97553, 2.98777)
(5.93723, -6.89484, 3.56234)
(6.01384, -7.04806, 3.52403)
(4.82639, -7.46941, 3.33251)
(3.83047, -7.69924, 3.2559)
(2.68133, -8.42703, 3.21759)
(1.99184, -8.46534, 3.48573)
(1.57049, -8.92499, 3.21759)
(0.727789, -8.92499, 3.2559)
(0.57457, -9.42295, 2.94946)
(0.153219, -9.0016, 2.91116)
(-0.57457, -9.07821, 2.98777)
(-1.22575, -9.0016, 3.02607)
(-2.22167, -9.07821, 3.06437)
(-2.4898, -9.07821, 2.98777)
(-3.14098, -8.58025, 2.98777)
(-3.2559, -8.65686, 2.91116)
(-3.21759, -8.27381, 3.02607)
(-4.02199, -8.46534, 2.91116)
(-3.21759, -8.46534, 2.75794)
(-1.6088, -8.42703, 2.37489)
(-0.0766094, -9.03991, 3.10268)
(0.0, -8.96329, 3.44742)
(1.83862, -8.42703, 2.87285)
(2.83455, -8.54194, 3.06437)
(3.67725, -8.08229, 3.14098)
(4.71148, -7.58433, 2.98777)
(6.05214, -7.31619, 2.4898)
(6.74162, -6.28197, 2.71963)
(7.58433, -5.7457, 2.33659)
(7.66094, -4.74978, 2.4898)
(8.08229, -3.98369, 1.83862)
(8.1589, -3.33251, 2.25998)
(8.69516, -2.94946, 2.71963)
(9.38465, -2.37489, 3.17929)
(9.46126, -1.68541, 2.87285)
(9.8443, -1.45558, 3.37081)
(9.88261, -1.03423, 3.40912)
(9.46126, -0.842703, 3.67725)
(9.65278, -1.45558, 3.71555)
(9.8443, -1.6471, 3.40912)
(9.42295, -2.14506, 3.10268)
(9.07821, -3.06437, 2.91116)
(8.84838, -3.71555, 2.60472)
(7.31619, -4.903, 2.25998)
(6.35858, -5.97553, 2.14506)
(6.35858, -6.93315, 1.87693)
(4.21351, -7.89076, 1.34066)
(3.06437, -8.42703, 2.06845)
(2.37489, -8.88668, 2.64302)
(1.80032, -9.07821, 2.71963)
(1.80032, -9.11651, 2.94946)
(0.383047, -9.15482, 2.56641)
(0.0, -9.26973, 2.64302)
(-0.497961, -9.23143, 2.33659)
(-1.37897, -9.30804, 2.33659)
(-1.80032, -9.26973, 2.87285)
(-2.33659, -9.0016, 3.21759)
(-2.29828, -9.0016, 2.37489)
(-3.10268, -8.73347, 2.71963)
(-3.17929, -8.50364, 2.71963)
(-1.6471, -8.84838, 2.98777)
(0.0383047, -8.65686, 2.4515)
(1.6088, -9.19312, 1.99184)
(2.94946, -8.96329, 2.41319)
(2.79624, -8.88668, 2.4515)
(4.32843, -7.77585, 2.18337)
(5.09452, -7.96737, 1.87693)
(5.7457, -7.27789, 1.80032)
(6.62671, -6.85654, 1.83862)
(7.20128, -6.12875, 1.49388)
(7.92907, -5.66909, 1.76202)
(7.92907, -5.01791, 2.03015)
(8.58025, -3.83047, 1.99184)
(8.88668, -3.60064, 2.68133)
(8.84838, -3.02607, 2.52811)
(8.92499, -2.52811, 1.83862)
(8.69516, -1.87693, 2.64302)
(9.49956, -1.83862, 2.52811)
(9.53786, -1.6088, 2.91116)
(9.69109, -1.34066, 3.06437)
(10.1507, -1.72371, 2.98777)
(10.5721, -1.95354, 3.14098)
(10.0358, -2.87285, 2.18337)
(9.26973, -3.90708, 2.03015)
(7.69924, -5.05622, 1.68541)
(7.66094, -6.09044, 1.18745)
(4.36673, -7.08637, 1.18745)
(4.29012, -8.23551, 1.37897)
(2.98777, -8.58025, 2.03015)
(2.29828, -8.54194, 2.29828)
(1.45558, -9.23143, 2.37489)
(0.727789, -9.19312, 2.52811)
(0.191523, -9.03991, 2.41319)
(-0.459656, -9.38465, 2.41319)
(-1.72371, -9.42295, 2.4515)
(-2.06845, -9.26973, 1.87693)
(-2.18337, -9.15482, 2.41319)
(-2.94946, -9.0016, 2.71963)
(-3.86877, -8.69516, 2.41319)
(-3.75386, -8.54194, 1.99184)
(-1.91523, -9.15482, 1.80032)
(-0.689484, -8.65686, 2.18337)
(0.344742, -8.1589, 1.83862)
(1.80032, -8.65686, 2.52811)
(2.98777, -8.61855, 3.44742)
(4.97961, -8.00568, 3.21759)
(5.86062, -7.43111, 2.56641)
(5.89892, -6.93315, 2.14506)
(7.20128, -5.55418, 1.83862)
(8.31211, -4.55826, 1.99184)
(8.61855, -3.71555, 2.29828)
(8.92499, -2.68133, 1.95354)
(9.03991, -2.33659, 2.4515)
(9.8443, -1.91523, 3.02607)
(9.88261, -0.995922, 3.37081)
(9.53786, -1.14914, 2.83455)
(9.76769, -1.14914, 2.94946)
(10.4572, -1.57049, 3.02607)
(10.1124, -1.72371, 3.02607)
(9.26973, -2.4515, 2.79624)
(8.54194, -3.86877, 2.41319)
(8.38873, -5.20944, 1.99184)
(6.39688, -5.82231, 1.83862)
(5.32435, -7.16298, 1.91523)
(4.59656, -7.89076, 1.6088)
(3.52403, -8.12059, 1.91523)
(3.44742, -8.61855, 2.03015)
(1.87693, -9.23143, 2.4515)
(1.72371, -9.11651, 2.52811)
(-0.114914, -9.30804, 2.4515)
(-0.153219, -9.11651, 2.60472)
(-1.37897, -9.26973, 1.95354)
(-1.30236, -9.19312, 2.4515)
(-2.29828, -9.49956, 1.6471)
(-2.79624, -8.65686, 2.83455)
(-3.02607, -8.92499, 3.2559)
(-2.94946, -8.69516, 2.94946)
(-1.87693, -8.77177, 2.03015)
(-1.30236, -8.73347, 2.41319)
(-0.229828, -9.0016, 3.17929)
(0.957617, -9.11651, 3.06437)
(1.87693, -8.88668, 3.40912)
(2.29828, -8.50364, 3.2942)
(3.10268, -8.1972, 2.4898)
(3.06437, -7.85246, 1.83862)
(5.47757, -7.04806, 2.06845)
(5.59248, -6.47349, 1.80032)
(7.69924, -5.93723, 1.45558)
(7.73755, -4.97961, 1.26405)
(8.42703, -3.98369, 0.497961)
(9.15482, -3.21759, 1.14914)
(9.69109, -2.41319, 2.33659)
(9.8443, -1.68541, 2.33659)
(10.0358, -1.6088, 2.71963)
(9.8443, -1.30236, 2.64302)
(10.0358, -1.6471, 2.29828)
(10.2273, -1.95354, 2.06845)
(9.806, -2.64302, 2.14506)
(9.19312, -3.67725, 2.37489)
(8.1972, -4.74978, 2.29828)
(8.00568, -5.20944, 1.76202)
(5.93723, -6.62671, 1.45558)
(5.01791, -7.62263, 1.87693)
(3.83047, -7.96737, 1.49388)
(3.83047, -8.77177, 1.45558)
(1.41727, -8.81008, 1.37897)
(0.689484, -9.26973, 1.45558)
(0.229828, -9.30804, 1.53219)
(-0.191523, -9.38465, 1.91523)
(-1.07253, -9.19312, 1.95354)
(-1.14914, -9.30804, 1.45558)
(-1.18745, -9.11651, 2.03015)
(-2.64302, -9.23143, 2.60472)
(-2.64302, -9.0016, 2.75794)
(-2.25998, -9.03991, 2.4898)
(-2.03015, -8.42703, 2.22167)
(-0.191523, -8.61855, 2.18337)
(1.57049, -8.61855, 2.06845)
(3.79216, -8.46534, 1.91523)
(5.01791, -7.54602, 1.6471)
(6.81823, -6.62671, 1.57049)
(7.85246, -5.97553, 1.18745)
(8.31211, -5.55418, 0.957617)
(8.84838, -4.21351, 1.68541)
(9.15482, -3.90708, 1.6088)
(9.53786, -2.94946, 2.03015)
(9.23143, -2.37489, 2.25998)
(8.54194, -2.18337, 2.29828)
(9.07821, -1.76202, 3.02607)
(9.03991, -1.03423, 3.2559)
(9.53786, -0.842703, 3.52403)
(9.19312, -0.804398, 3.83047)
(9.30804, -0.727789, 3.75386)
(9.72939, -1.07253, 4.36673)
(9.23143, -1.53219, 3.52403)
(9.11651, -2.33659, 3.52403)
(9.0016, -2.68133, 3.17929)
(8.35042, -3.21759, 2.71963)
(7.54602, -4.55826, 3.14098)
(6.62671, -5.63079, 3.06437)
(5.86062, -6.58841, 3.14098)
(5.20944, -7.27789, 3.02607)
(4.67317, -7.66094, 3.2559)
(4.74978, -8.12059, 2.68133)
(3.60064, -8.46534, 2.94946)
(2.4515, -8.31211, 2.98777)
(2.10676, -9.26973, 2.91116)
(0.995922, -8.81008, 3.21759)
(0.268133, -8.73347, 3.17929)
(-0.0383047, -9.42295, 2.68133)
(-0.0383047, -9.19312, 2.94946)
(-1.18745, -9.19312, 2.98777)
(-1.87693, -9.15482, 3.2942)
(-1.87693, -9.23143, 2.98777)
(-2.4515, -8.73347, 3.17929)
(-2.4515, -8.69516, 3.14098)
(-1.83862, -8.81008, 2.79624)
(-1.03423, -8.31211, 2.98777)
(-0.919312, -8.00568, 3.44742)
(2.87285, -8.08229, 2.98777)
(3.02607, -7.66094, 2.60472)
(6.12875, -7.04806, 2.10676)
(7.27789, -6.5118, 1.91523)
(7.85246, -5.32435, 1.6471)
(8.38873, -4.97961, 1.72371)
(8.50364, -3.90708, 1.91523)
(9.19312, -4.17521, 1.80032)
(9.72939, -3.2559, 2.29828)
(9.61448, -2.79624, 1.95354)
(9.61448, -2.41319, 1.91523)
(9.19312, -2.14506, 1.95354)
(9.0016, -2.03015, 1.6471)
(8.96329, -1.95354, 1.83862)
(8.84838, -2.29828, 2.06845)
(8.96329, -2.4898, 2.33659)
(8.84838, -2.22167, 2.56641)
(9.03991, -2.06845, 2.18337)
(8.58025, -2.18337, 2.29828)
(8.88668, -1.87693, 2.22167)
(9.23143, -1.87693, 2.29828)
(9.0016, -1.72371, 2.25998)
(8.58025, -1.68541, 2.22167)
(8.96329, -1.83862, 2.18337)
(8.96329, -1.03423, 2.14506)
(7.58433, -1.26405, 2.71963)
(7.3928, -0.995922, 2.37489)
(7.43111, -0.229828, 2.37489)
(8.38873, 1.87693, 2.91116)
(9.76769, 4.0986, 4.67317)
(9.88261, 4.78809, 4.97961)
(9.92091, 4.44334, 4.48165)
(9.92091, 5.09452, 4.78809)
(21.6805, 4.74978, 2.91116)
(5.78401, 2.98777, -1.68541)
(-1.95354, -0.229828, 0.229828)
(-4.13691, -2.52811, 1.41727)
(-3.37081, -0.114914, 0.0)
(1.57049, 1.53219, 1.03423)
(25.4726, 17.85, 8.61855)
(17.352, 4.02199, 8.54194)
(16.969, 3.2942, 5.17113)
(8.61855, 5.05622, 3.75386)
(8.65686, 5.59248, 9.23143)
(19.995, 6.5118, 9.92091)
(5.43926, 7.23959, -0.0383047)
(4.67317, 0.842703, -1.26405)
(-3.63894, -4.32843, 2.14506)
(-3.56234, -3.86877, 3.14098)
(-0.114914, 0.536266, 0.268133)
(-0.153219, 0.0383047, 2.22167)
(25.4343, 11.8361, 6.01384)
(11.7212, 2.06845, 5.93723)
(7.85246, 4.36673, 2.75794)
(10.9934, 5.20944, 3.83047)
(11.2233, 2.79624, 6.58841)
(15.3219, 3.60064, 4.55826)
(15.0154, 2.83455, 0.268133)
(-4.44334, -2.4515, -0.153219)
(-2.71963, -6.93315, 1.80032)
(2.64302, -6.32027, 2.91116)
(2.60472, -4.74978, 1.07253)
(2.98777, -5.32435, 6.74162)
(8.84838, -3.2559, 13.1385)
(8.96329, -0.459656, 11.7978)
(3.63894, 0.114914, 9.69109)
(3.2942, 0.881008, 9.61448)
(4.0986, 1.49388, 8.73347)
(3.10268, 1.87693, 8.77177)
(3.33251, 1.95354, 8.96329)
(3.52403, 1.83862, 8.96329)
(3.14098, 1.99184, 8.73347)
(3.63894, 2.03015, 8.65686)
(3.48573, 1.45558, 8.88668)
(3.2559, 1.6088, 8.81008)
(3.17929, 1.99184, 8.73347)
(3.06437, 1.72371, 8.88668)
(3.52403, 1.99184, 9.23143)
(3.40912, 1.45558, 8.81008)
(3.67725, 1.83862, 8.88668)
(3.33251, 1.87693, 8.61855)
(3.14098, 1.80032, 8.65686)
(3.17929, 1.99184, 8.73347)
(3.63894, 2.10676, 8.81008)
(3.94538, 1.87693, 8.65686)
(3.56234, 2.25998, 8.46534)
(3.33251, 2.14506, 8.54194)
(3.17929, 2.14506, 8.65686)
(3.2559, 2.4515, 7.73755)
(3.60064, 2.64302, 8.35042)
(4.48165, 3.02607, 8.35042)
(4.74978, 3.17929, 7.89076)
(5.24774, 2.83455, 7.3545)
(4.78809, 2.56641, 7.50772)
(5.13283, 2.60472, 7.46941)
(5.32435, 2.4515, 7.46941)
(5.63079, 2.4515, 7.46941)
(4.74978, 2.33659, 7.66094)
(4.78809, 2.37489, 7.89076)
(6.01384, 2.22167, 7.08637)
(5.55418, 2.03015, 7.08637)
(5.93723, 2.18337, 7.12467)
(5.7074, 2.25998, 7.16298)
(5.47757, 2.25998, 7.16298)
(5.55418, 2.25998, 7.54602)
(5.55418, 2.22167, 7.81416)
(5.28605, 2.03015, 7.46941)
(5.40096, 1.68541, 7.46941)
(5.7074, 1.76202, 7.66094)
(5.28605, 1.80032, 7.54602)
(5.28605, 1.37897, 7.73755)
(5.20944, 1.37897, 7.73755)
(5.32435, 1.45558, 7.77585)
(5.05622, 1.45558, 7.62263)
(5.09452, 1.41727, 7.89076)
(4.9413, 1.41727, 8.1972)
(4.97961, 1.53219, 7.69924)
(4.9413, 1.41727, 8.08229)
(5.09452, 1.45558, 7.85246)
(5.17113, 1.68541, 7.66094)
(5.01791, 1.6088, 8.08229)
(4.97961, 1.80032, 7.89076)
(5.01791, 1.72371, 7.85246)
(4.9413, 1.76202, 8.04398)
(5.43926, 1.72371, 8.1972)
(4.903, 1.80032, 8.12059)
(4.903, 1.95354, 8.08229)
(4.71148, 1.72371, 8.27381)
(4.40504, 1.95354, 8.27381)
(4.44334, 1.37897, 8.27381)
(4.0986, 1.6088, 8.31211)
(4.25182, 2.10676, 8.61855)
(4.17521, 1.6471, 8.08229)
(4.48165, 1.80032, 8.27381)
(4.48165, 1.80032, 8.38873)
(4.59656, 1.6088, 8.31211)
(4.63487, 1.83862, 8.12059)
(4.59656, 1.91523, 8.27381)
(4.51995, 2.03015, 8.1972)
(4.36673, 1.87693, 8.04398)
(4.51995, 1.95354, 8.12059)
(4.55826, 1.95354, 8.27381)
(4.63487, 1.99184, 8.31211)
(4.86469, 1.83862, 8.46534)
(4.40504, 1.99184, 8.04398)
(4.48165, 1.91523, 8.1972)
(4.51995, 1.99184, 8.1589)
(4.48165, 1.80032, 7.92907)
(4.67317, 2.03015, 8.31211)
