(3.17929, -3.98369, 8.61855)
(3.02607, -4.0603, 8.69516)
(3.33251, -4.0603, 8.58025)
(3.40912, -4.0603, 8.54194)
(2.79624, -3.98369, 8.35042)
(2.94946, -3.94538, 8.42703)
(2.91116, -3.86877, 8.46534)
(3.21759, -4.21351, 8.08229)
(3.33251, -3.98369, 8.1972)
(2.98777, -3.94538, 8.23551)
(2.94946, -3.79216, 8.73347)
(3.21759, -3.56234, 8.04398)
(3.75386, -3.37081, 8.1589)
(4.0603, -2.71963, 8.1972)
(4.71148, -2.52811, 8.38873)
(4.9413, -2.56641, 7.58433)
(5.20944, -2.33659, 7.62263)
(5.32435, -1.18745, 6.85654)
(6.16705, -0.0766094, 6.62671)
(5.89892, 1.11084, 7.20128)
(6.28197, 2.68133, 7.08637)
(5.59248, 3.52403, 6.39688)
(4.78809, 5.59248, 6.74162)
(5.51587, 6.93315, 6.77993)
(5.43926, 6.66501, 6.5118)
(4.40504, 5.82231, 5.47757)
(4.67317, 6.93315, 4.78809)
(4.67317, 7.04806, 4.25182)
(4.74978, 6.58841, 3.98369)
(4.71148, 6.47349, 3.94538)
(5.17113, 6.93315, 3.40912)
(5.01791, 6.93315, 3.2559)
(5.13283, 6.77993, 3.60064)
(5.17113, 6.62671, 3.52403)
(18.0798, 9.0016, 11.6829)
(18.4629, 19.8418, 5.7457)
(1.87693, 15.4368, -3.79216)
(-11.0317, 1.80032, -1.72371)
(-1.30236, -7.66094, 4.17521)
(-2.10676, -2.64302, 2.68133)
(-2.87285, 5.59248, -1.83862)
(4.74978, 11.4148, 0.0)
(4.40504, 20.8761, 9.23143)
(28.5753, 3.56234, 5.20944)
(7.20128, 7.3928, 2.52811)
(7.23959, 7.73755, 3.14098)
(16.0114, 7.62263, 7.62263)
(22.1401, 10.0741, 7.66094)
(7.23959, 10.304, -1.30236)
(-11.4531, 6.93315, -3.90708)
(-1.76202, -8.1589, 2.60472)
(0.421352, -7.81416, 2.10676)
(-1.6471, -0.766094, 0.0383047)
(0.497961, 4.78809, -0.344742)
(12.1426, 15.207, 0.65118)
(12.6788, 9.42295, 7.08637)
(9.61448, 4.40504, 3.90708)
(7.3545, 7.23959, 1.26405)
(9.0016, 7.23959, 1.80032)
(14.211, 7.54602, 3.14098)
(21.6421, 3.40912, 5.86062)
(21.4506, 6.16705, 0.153219)
(-7.12467, 10.0358, -4.74978)
(-8.27381, -2.56641, 3.17929)
(0.114914, -8.84838, 4.903)
(0.881008, -9.8443, 4.59656)
(0.766094, -9.46126, 3.94538)
(-0.383047, -8.1589, 3.37081)
(-0.995922, -7.54602, 2.4515)
(-0.536266, -5.63079, 2.06845)
(3.86877, -4.32843, 3.06437)
(4.02199, -6.39688, 4.13691)
(7.85246, -6.20536, 4.40504)
(7.96737, -3.2559, 4.40504)
(9.92091, -0.459656, 3.48573)
(9.72939, 1.83862, 3.2559)
(9.07821, 4.25182, 3.33251)
(7.16298, 5.7457, 3.2942)
(5.97553, 7.00976, 2.60472)
(5.09452, 8.04398, 2.33659)
(4.0603, 8.12059, 2.71963)
(3.60064, 8.77177, 2.06845)
(3.56234, 9.30804, 2.79624)
(3.21759, 9.07821, 2.4898)
(3.2942, 8.73347, 2.18337)
(3.02607, 8.77177, 2.22167)
(3.02607, 8.73347, 2.14506)
(3.02607, 8.81008, 1.91523)
(2.94946, 8.38873, 1.91523)
(2.94946, 8.84838, 1.72371)
(3.17929, 8.1972, 2.60472)
(3.2942, 8.54194, 2.52811)
(3.21759, 9.0016, 2.52811)
(3.37081, 8.54194, 2.52811)
(2.94946, 8.27381, 2.33659)
(2.68133, 8.61855, 2.25998)
(2.71963, 8.81008, 2.4898)
(2.79624, 8.38873, 2.41319)
(2.83455, 7.85246, 2.56641)
(3.14098, 9.69109, 2.37489)
(2.71963, 9.07821, 2.22167)
(2.87285, 8.38873, 2.68133)
(2.79624, 9.42295, 2.25998)
(2.4515, 9.34634, 1.68541)
(2.41319, 8.31211, 1.95354)
(2.56641, 8.61855, 2.4515)
(2.71963, 7.92907, 2.03015)
(2.91116, 9.76769, 2.33659)
(2.41319, 9.65278, 2.14506)
(1.76202, 9.07821, 1.95354)
(1.68541, 9.42295, 2.10676)
(1.91523, 8.46534, 2.52811)
(2.33659, 8.27381, 2.33659)
(2.37489, 8.96329, 2.87285)
(2.29828, 9.88261, 2.22167)
(2.18337, 9.61448, 1.80032)
(1.57049, 9.42295, 2.03015)
(1.57049, 9.61448, 1.26405)
(2.25998, 8.81008, 1.6088)
(2.41319, 8.61855, 1.68541)
(2.68133, 8.31211, 1.91523)
(2.79624, 7.77585, 2.4515)
(3.14098, 9.15482, 2.68133)
(2.56641, 8.61855, 2.37489)
(2.71963, 8.77177, 1.6088)
(2.71963, 9.34634, 2.33659)
(2.29828, 8.50364, 2.68133)
(2.29828, 8.69516, 2.4898)
(2.14506, 8.50364, 2.10676)
(2.41319, 9.15482, 2.18337)
(2.41319, 10.9934, 1.91523)
(2.29828, 8.50364, 1.30236)
(1.6088, 9.11651, 1.37897)
(2.87285, 9.19312, 1.80032)
(2.94946, 9.38465, 1.45558)
(2.22167, 8.92499, 1.49388)
(2.22167, 8.27381, 1.45558)
(2.60472, 8.12059, 2.14506)
(2.4515, 10.189, 2.33659)
(2.52811, 8.58025, 2.4898)
(1.80032, 9.30804, 1.80032)
(1.87693, 8.77177, 1.80032)
(1.30236, 9.65278, 2.14506)
(1.41727, 9.0016, 2.4515)
(1.95354, 8.92499, 2.29828)
(1.91523, 8.84838, 2.33659)
(1.91523, 8.61855, 2.33659)
(2.03015, 10.3423, 2.29828)
(2.03015, 9.57617, 1.83862)
(2.10676, 8.73347, 1.72371)
(1.87693, 9.34634, 1.45558)
(1.95354, 9.8443, 1.57049)
(2.10676, 8.46534, 1.87693)
(2.4515, 8.46534, 2.03015)
(3.02607, 8.23551, 1.91523)
(3.14098, 8.73347, 2.25998)
(2.91116, 9.07821, 2.22167)
(2.60472, 8.81008, 1.83862)
(2.18337, 9.38465, 1.68541)
(1.49388, 8.81008, 1.6088)
(1.49388, 9.0016, 2.10676)
(2.06845, 8.96329, 2.33659)
(1.91523, 8.81008, 2.4515)
(2.10676, 8.96329, 2.87285)
(2.10676, 8.96329, 2.29828)
(2.03015, 8.92499, 2.25998)
(1.99184, 10.0358, 2.25998)
(2.25998, 8.77177, 2.22167)
(2.10676, 8.27381, 1.80032)
(1.83862, 9.42295, 1.87693)
(1.91523, 9.15482, 2.10676)
(2.03015, 8.50364, 1.91523)
(1.99184, 8.73347, 2.29828)
(2.18337, 8.65686, 2.52811)
(2.18337, 8.81008, 2.14506)
(2.06845, 9.76769, 1.76202)
(1.30236, 9.53786, 2.03015)
(1.26405, 9.0016, 2.71963)
(0.881008, 9.19312, 2.94946)
(1.07253, 8.77177, 3.02607)
(1.34066, 8.50364, 2.06845)
(1.6088, 8.50364, 2.56641)
(1.68541, 8.46534, 2.68133)
(1.68541, 8.88668, 2.83455)
(2.03015, 10.5721, 3.21759)
(1.99184, 9.30804, 2.41319)
(1.37897, 8.77177, 2.22167)
(1.99184, 9.15482, 1.41727)
(1.87693, 9.11651, 1.80032)
(2.75794, 8.1589, 1.95354)
(2.79624, 8.27381, 2.33659)
(2.94946, 8.31211, 2.91116)
(2.94946, 8.96329, 2.71963)
(2.98777, 9.07821, 2.83455)
(2.68133, 9.34634, 2.18337)
(2.68133, 8.77177, 2.22167)
(1.26405, 8.77177, 1.68541)
(1.41727, 9.15482, 2.29828)
(1.41727, 8.96329, 2.60472)
(1.68541, 8.92499, 2.79624)
(1.6088, 9.15482, 2.68133)
(1.83862, 8.92499, 2.52811)
(1.99184, 8.69516, 2.87285)
(1.99184, 9.806, 2.60472)
(2.03015, 9.76769, 2.37489)
(1.83862, 8.92499, 2.94946)
(2.18337, 8.81008, 2.29828)
(2.29828, 8.65686, 1.87693)
(2.68133, 8.31211, 2.06845)
(2.68133, 8.31211, 2.10676)
(2.4898, 8.77177, 2.4515)
(2.14506, 9.15482, 2.52811)
(1.95354, 11.1084, 1.91523)
(1.80032, 8.58025, 2.4515)
(1.6088, 9.26973, 2.25998)
(0.689484, 9.15482, 2.56641)
(0.727789, 8.84838, 2.94946)
(0.842703, 8.81008, 2.83455)
(0.689484, 8.54194, 3.02607)
(1.26405, 8.77177, 2.52811)
(1.80032, 8.65686, 3.02607)
(1.99184, 9.30804, 3.21759)
(1.76202, 9.26973, 2.94946)
(1.6471, 8.84838, 2.33659)
(1.37897, 9.03991, 2.03015)
(1.22575, 9.23143, 1.80032)
(1.99184, 8.42703, 2.14506)
(1.87693, 9.07821, 2.10676)
(2.06845, 9.03991, 2.33659)
(2.14506, 8.69516, 2.37489)
(2.18337, 8.54194, 2.29828)
(1.87693, 9.53786, 2.06845)
(1.76202, 8.42703, 2.4515)
(0.842703, 9.806, 1.83862)
(0.536266, 9.11651, 1.6088)
(0.57457, 9.42295, 1.95354)
(0.65118, 8.96329, 2.14506)
(1.53219, 9.0016, 2.29828)
(1.6471, 8.84838, 2.71963)
(1.72371, 8.96329, 2.68133)
(1.6471, 9.15482, 2.22167)
(1.41727, 8.96329, 1.6088)
(1.68541, 9.88261, 1.6088)
(1.41727, 8.88668, 1.22575)
(1.53219, 8.84838, 1.14914)
(1.95354, 9.34634, 1.11084)
(2.22167, 9.0016, 1.6088)
(2.64302, 8.81008, 1.83862)
(2.64302, 9.15482, 1.80032)
(2.06845, 8.88668, 1.53219)
(1.83862, 9.53786, 1.87693)
(1.49388, 9.15482, 2.06845)
(1.91523, 9.49956, 2.33659)
(1.72371, 8.65686, 2.4898)
(1.76202, 9.26973, 2.41319)
(1.53219, 8.69516, 2.29828)
(1.6088, 8.77177, 2.06845)
(1.26405, 9.46126, 2.33659)
(1.14914, 9.15482, 3.10268)
(1.22575, 9.03991, 2.25998)
(1.34066, 9.11651, 2.37489)
(1.6088, 8.81008, 1.87693)
(1.72371, 9.30804, 2.22167)
(1.6471, 9.42295, 2.22167)
(1.68541, 8.81008, 1.95354)
(1.91523, 9.0016, 1.6471)
(2.22167, 8.77177, 1.80032)
(2.22167, 9.19312, 1.6471)
(2.10676, 9.30804, 1.6471)
(2.10676, 9.30804, 1.83862)
(1.91523, 9.03991, 1.41727)
(1.83862, 9.03991, 1.95354)
(1.49388, 10.304, 2.03015)
(1.80032, 8.61855, 2.06845)
(1.80032, 9.19312, 1.80032)
(1.34066, 8.61855, 2.10676)
(1.41727, 8.81008, 2.79624)
(1.41727, 9.8443, 3.14098)
(1.6471, 9.61448, 2.98777)
(1.6088, 9.69109, 2.41319)
(1.45558, 8.88668, 2.4515)
(1.26405, 8.00568, 1.76202)
(1.6088, 6.16705, 1.99184)
(2.4898, 13.7131, 3.33251)
(2.06845, 9.61448, 2.18337)
(2.03015, 9.30804, 2.29828)
(2.75794, 8.54194, 2.22167)
(2.98777, 8.1589, 2.75794)
(2.94946, 7.77585, 2.79624)
(2.94946, 7.92907, 2.52811)
(3.52403, 10.2657, 2.52811)
(2.4515, 8.58025, 2.29828)
(1.87693, 9.34634, 2.18337)
(1.6088, 9.11651, 2.56641)
(1.68541, 8.61855, 2.4515)
(1.83862, 8.77177, 2.79624)
(1.80032, 8.54194, 2.22167)
(2.03015, 8.58025, 2.4515)
(1.87693, 9.61448, 2.83455)
(1.68541, 9.806, 3.02607)
(2.03015, 8.12059, 2.25998)
(2.14506, 9.806, 1.6088)
(1.76202, 9.49956, 1.14914)
(1.87693, 8.35042, 1.30236)
(1.76202, 8.31211, 2.18337)
(1.68541, 8.92499, 3.33251)
(2.18337, 8.65686, 3.14098)
(2.18337, 9.49956, 2.33659)
(1.11084, 9.0016, 2.10676)
(1.6088, 9.26973, 2.25998)
(1.03423, 9.15482, 2.60472)
(1.37897, 8.50364, 2.60472)
(1.45558, 8.77177, 2.91116)
(1.76202, 8.84838, 2.18337)
(1.57049, 8.84838, 2.29828)
(1.68541, 9.806, 2.14506)
(1.6088, 9.0016, 2.33659)
(2.25998, 8.73347, 1.6471)
(1.72371, 9.61448, 1.26405)
(1.68541, 8.88668, 1.30236)
(1.91523, 9.03991, 1.6088)
(1.80032, 9.07821, 2.14506)
(1.91523, 8.88668, 2.33659)
(1.76202, 9.03991, 1.72371)
(1.80032, 10.304, 1.99184)
(1.76202, 8.38873, 1.76202)
(0.881008, 9.34634, 1.99184)
(0.727789, 9.15482, 2.41319)
(1.41727, 9.11651, 2.52811)
(1.41727, 8.84838, 2.79624)
(1.80032, 8.73347, 2.10676)
(1.68541, 9.26973, 2.29828)
(1.99184, 9.69109, 2.06845)
(1.57049, 8.88668, 1.72371)
(1.83862, 9.38465, 1.6471)
(1.57049, 9.69109, 1.53219)
(1.49388, 8.69516, 1.57049)
(1.80032, 8.65686, 2.25998)
(1.6471, 8.46534, 2.60472)
(0.727789, 9.92091, 2.10676)
(2.52811, 9.61448, 2.41319)
(2.56641, 9.0016, 1.76202)
(1.26405, 8.81008, 1.80032)
(0.536266, 8.84838, 2.52811)
(0.57457, 8.31211, 3.33251)
(1.99184, 8.84838, 3.33251)
(1.72371, 9.0016, 2.4515)
(1.80032, 9.11651, 2.33659)
(1.99184, 10.304, 2.64302)
(1.91523, 8.27381, 2.18337)
(1.22575, 9.26973, 1.91523)
(1.53219, 9.61448, 1.57049)
(1.37897, 8.1589, 2.06845)
(1.6088, 8.58025, 2.37489)
(1.76202, 8.81008, 2.29828)
(1.72371, 9.95922, 1.95354)
(2.10676, 9.65278, 2.64302)
(1.91523, 8.23551, 2.03015)
(0.536266, 9.49956, 1.87693)
(0.497961, 8.84838, 2.68133)
(1.6088, 9.26973, 2.68133)
(1.53219, 9.03991, 2.94946)
(1.76202, 9.0016, 2.56641)
(1.80032, 8.50364, 2.4898)
(1.91523, 9.99752, 2.91116)
(1.83862, 9.8443, 2.60472)
(1.91523, 8.27381, 2.10676)
(1.6471, 9.30804, 1.83862)
(1.34066, 9.61448, 1.83862)
(1.83862, 8.35042, 1.91523)
(1.57049, 8.50364, 2.22167)
(1.49388, 8.61855, 2.60472)
(1.72371, 9.8443, 2.64302)
(1.99184, 9.88261, 2.25998)
(0.995922, 9.23143, 2.52811)
(0.881008, 9.15482, 2.37489)
(-0.306437, 9.03991, 3.14098)
(0.191523, 8.69516, 2.4898)
(0.842703, 8.42703, 2.22167)
(0.919312, 9.0016, 2.98777)
(0.842703, 8.58025, 3.14098)
(1.22575, 8.77177, 2.83455)
(1.34066, 8.69516, 3.02607)
(1.68541, 9.95922, 2.68133)
(1.03423, 9.11651, 2.29828)
(1.6471, 9.07821, 2.18337)
(1.76202, 9.07821, 2.03015)
(2.37489, 9.15482, 2.60472)
(2.06845, 8.1589, 2.29828)
(1.72371, 8.27381, 2.10676)
(2.22167, 8.50364, 2.4898)
(2.29828, 8.92499, 2.64302)
(1.83862, 10.8019, 2.22167)
(1.87693, 8.96329, 2.98777)
(0.0383047, 9.0016, 2.18337)
(0.57457, 8.61855, 2.14506)
(0.65118, 9.46126, 2.91116)
(0.957617, 9.30804, 2.56641)
(1.99184, 9.30804, 2.4898)
(1.76202, 8.77177, 2.64302)
(1.72371, 7.92907, 2.71963)
(2.52811, 7.92907, 2.71963)
(2.22167, 9.8443, 2.41319)
(1.37897, 9.30804, 1.68541)
(1.49388, 9.11651, 1.22575)
(0.842703, 9.07821, 1.26405)
(0.881008, 9.806, 1.18745)
(1.03423, 9.42295, 1.45558)
(0.727789, 9.38465, 1.41727)
(0.881008, 9.69109, 0.842703)
(1.07253, 9.07821, 1.22575)
(1.34066, 9.38465, 0.995922)
(1.26405, 8.61855, 1.30236)
(0.536266, 9.38465, 1.76202)
(0.727789, 9.0016, 2.4898)
(0.344742, 9.38465, 2.60472)
(0.459656, 9.53786, 3.33251)
(1.11084, 8.65686, 3.63894)
(1.18745, 8.27381, 2.79624)
(1.53219, 8.73347, 2.94946)
(1.41727, 9.11651, 3.21759)
(1.26405, 9.26973, 3.2942)
(0.919312, 8.73347, 2.68133)
(0.919312, 9.38465, 2.64302)
(1.30236, 9.07821, 1.80032)
(1.57049, 9.0016, 2.37489)
(1.26405, 9.19312, 1.41727)
(2.14506, 8.84838, 1.22575)
(1.22575, 9.8443, 1.45558)
(0.957617, 9.69109, 1.11084)
(1.6088, 9.42295, 1.49388)
(1.49388, 9.15482, 1.53219)
(1.45558, 9.19312, 2.03015)
(1.68541, 9.07821, 2.14506)
(1.91523, 8.88668, 2.71963)
(1.99184, 9.26973, 2.83455)
(2.10676, 9.38465, 3.02607)
(1.57049, 9.0016, 3.44742)
(1.53219, 8.58025, 3.37081)
(1.03423, 8.1589, 2.4898)
(1.14914, 8.00568, 2.4515)
(1.18745, 9.806, 3.14098)
(1.03423, 9.15482, 2.71963)
(0.957617, 8.50364, 2.4515)
(1.68541, 9.30804, 2.60472)
(1.72371, 9.57617, 2.91116)
(0.842703, 9.99752, 2.60472)
(0.766094, 9.26973, 2.56641)
(0.727789, 8.61855, 2.14506)
(0.881008, 9.38465, 1.49388)
(1.18745, 9.72939, 1.26405)
(1.22575, 9.07821, 1.41727)
(2.41319, 9.42295, 2.06845)
(2.52811, 8.31211, 2.33659)
(2.25998, 8.12059, 1.76202)
(2.25998, 8.58025, 1.76202)
(1.68541, 9.57617, 2.52811)
(1.45558, 10.3806, 2.25998)
(0.612875, 9.11651, 1.45558)
(1.03423, 8.42703, 1.26405)
(1.18745, 9.30804, 1.72371)
(1.03423, 9.34634, 1.95354)
(1.18745, 9.11651, 2.4898)
(1.41727, 9.26973, 2.37489)
(1.37897, 8.42703, 2.4898)
(1.57049, 7.96737, 2.03015)
(1.37897, 10.9934, 2.03015)
(1.80032, 9.53786, 1.80032)
(1.76202, 8.31211, 1.57049)
(2.25998, 9.42295, 1.72371)
(2.06845, 9.53786, 1.91523)
(1.83862, 8.58025, 1.6088)
(1.76202, 8.31211, 1.91523)
(1.80032, 8.73347, 2.10676)
(1.49388, 9.38465, 2.29828)
(0.344742, 10.7253, 1.26405)
(0.65118, 9.49956, 1.91523)
(0.0766094, 8.88668, 1.91523)
(-0.306437, 8.77177, 1.80032)
(0.0383047, 9.34634, 1.57049)
(-0.0383047, 8.96329, 1.72371)
(0.804398, 9.30804, 2.22167)
(1.07253, 8.88668, 2.10676)
(1.18745, 8.81008, 2.64302)
(1.18745, 11.0701, 2.94946)
(1.18745, 8.1972, 2.71963)
(1.37897, 8.84838, 2.22167)
(1.34066, 8.81008, 1.83862)
(1.41727, 9.26973, 1.76202)
(1.57049, 9.53786, 1.6088)
(1.83862, 9.07821, 1.76202)
(1.91523, 9.65278, 1.72371)
(1.6088, 9.49956, 1.6471)
(1.57049, 9.26973, 1.99184)
(0.612875, 8.46534, 1.57049)
(-0.268133, 8.38873, 1.6088)
(0.344742, 9.26973, 2.22167)
(0.268133, 8.84838, 2.56641)
(0.153219, 9.23143, 2.71963)
(1.68541, 8.73347, 2.64302)
(2.60472, 9.03991, 2.64302)
(1.57049, 8.42703, 2.71963)
(1.76202, 8.50364, 3.2559)
(1.57049, 10.5721, 3.2942)
(1.6088, 9.03991, 2.4898)
(1.72371, 8.31211, 2.22167)
(1.34066, 9.19312, 1.45558)
(1.34066, 9.42295, 1.99184)
(1.45558, 8.65686, 2.14506)
(1.22575, 9.11651, 2.06845)
(1.57049, 9.26973, 2.33659)
(1.49388, 9.23143, 2.14506)
(1.41727, 9.806, 1.99184)
(2.18337, 8.81008, 2.33659)
(0.804398, 8.23551, 2.4898)
(1.11084, 9.07821, 2.79624)
(0.804398, 9.69109, 2.4515)
(1.72371, 8.96329, 2.37489)
(1.91523, 8.35042, 2.83455)
(2.29828, 8.58025, 2.91116)
(2.4515, 8.23551, 3.2942)
(2.52811, 8.1972, 3.63894)
(2.10676, 8.65686, 3.2559)
(1.91523, 9.76769, 2.37489)
(1.87693, 8.46534, 2.64302)
(1.91523, 9.38465, 2.29828)
(1.03423, 9.23143, 1.99184)
(1.07253, 9.53786, 1.99184)
(1.03423, 8.92499, 2.03015)
(1.41727, 9.53786, 1.87693)
(1.34066, 8.88668, 2.18337)
(1.41727, 9.34634, 1.91523)
(1.41727, 9.92091, 1.80032)
(0.727789, 8.58025, 1.95354)
(0.65118, 9.23143, 2.37489)
(1.14914, 9.30804, 2.83455)
(1.76202, 8.77177, 2.75794)
(2.25998, 8.46534, 3.17929)
(2.52811, 8.1972, 3.63894)
(2.64302, 7.54602, 3.52403)
(2.68133, 7.81416, 3.75386)
(2.33659, 8.27381, 3.79216)
(2.10676, 10.1124, 3.2942)
(2.10676, 8.27381, 2.22167)
(1.95354, 8.92499, 2.25998)
(1.76202, 9.0016, 2.14506)
(1.76202, 9.49956, 2.37489)
(1.57049, 9.30804, 1.99184)
(1.53219, 9.42295, 1.99184)
(1.34066, 8.58025, 2.03015)
(1.30236, 9.69109, 1.49388)
(1.91523, 9.07821, 1.91523)
(0.421352, 8.88668, 2.14506)
(1.26405, 9.07821, 1.99184)
(1.18745, 9.42295, 1.99184)
(1.57049, 9.38465, 2.25998)
(1.87693, 8.65686, 2.56641)
(2.37489, 8.58025, 3.17929)
(2.10676, 8.46534, 3.02607)
(2.10676, 8.46534, 2.87285)
(2.18337, 9.99752, 2.83455)
(2.37489, 9.61448, 1.76202)
(1.80032, 8.08229, 2.06845)
(1.45558, 9.34634, 1.6471)
(1.49388, 9.53786, 1.53219)
(1.6088, 9.07821, 1.37897)
(1.53219, 9.26973, 1.6088)
(1.49388, 9.0016, 1.45558)
(1.45558, 8.88668, 1.95354)
(1.72371, 9.49956, 2.33659)
(1.6471, 9.57617, 2.25998)
(0.114914, 9.26973, 1.49388)
(1.18745, 9.53786, 1.72371)
(0.727789, 8.65686, 1.95354)
(1.30236, 9.46126, 2.22167)
(1.18745, 8.61855, 2.37489)
(1.80032, 7.81416, 2.91116)
(1.80032, 8.46534, 3.71555)
(1.45558, 8.88668, 3.56234)
(1.49388, 8.81008, 3.06437)
(1.57049, 9.11651, 3.02607)
(1.76202, 9.65278, 2.52811)
(1.91523, 9.42295, 2.41319)
(1.37897, 8.61855, 1.95354)
(1.30236, 9.42295, 0.995922)
(2.03015, 8.77177, 1.30236)
(1.6471, 9.11651, 1.26405)
(1.53219, 9.76769, 1.34066)
(1.53219, 9.30804, 1.83862)
(1.34066, 9.30804, 1.80032)
(1.37897, 9.30804, 1.91523)
(2.14506, 8.1589, 3.2942)
(2.03015, 9.57617, 3.37081)
(1.49388, 8.92499, 2.25998)
(2.03015, 8.88668, 1.68541)
(0.919312, 9.23143, 2.87285)
(1.37897, 8.92499, 3.21759)
(1.26405, 8.50364, 2.52811)
(1.49388, 8.1972, 3.14098)
(1.34066, 8.46534, 3.52403)
(1.30236, 9.61448, 3.14098)
(1.53219, 9.23143, 2.29828)
(1.57049, 9.07821, 2.03015)
(2.03015, 8.77177, 1.37897)
(1.87693, 9.34634, 1.45558)
(1.83862, 9.23143, 1.22575)
(1.76202, 9.69109, 0.957617)
(1.83862, 9.49956, 0.268133)
(1.87693, 9.38465, 0.919312)
(1.99184, 9.15482, 1.14914)
(1.80032, 9.03991, 1.6088)
(1.76202, 9.76769, 1.45558)
(1.76202, 9.34634, 1.53219)
(1.18745, 9.72939, 1.83862)
(0.957617, 9.15482, 1.95354)
(1.30236, 9.03991, 2.87285)
(0.65118, 8.73347, 2.75794)
(1.6088, 9.07821, 2.4515)
(1.6471, 8.77177, 2.4898)
(2.14506, 8.92499, 2.18337)
(2.03015, 9.42295, 2.52811)
(1.72371, 10.9168, 2.37489)
(1.30236, 8.23551, 1.76202)
(1.37897, 8.96329, 2.14506)
(0.881008, 9.72939, 1.91523)
(0.842703, 9.30804, 1.45558)
(1.49388, 8.69516, 1.34066)
(1.49388, 9.23143, 1.68541)
(3.33251, 8.73347, 1.83862)
(3.21759, 8.1972, 2.52811)
(3.79216, 10.7253, 2.33659)
(3.56234, 7.46941, 1.83862)
(2.18337, 8.88668, 1.99184)
(1.6088, 9.65278, 1.68541)
(1.91523, 9.03991, 1.80032)
(1.99184, 9.19312, 1.6471)
(1.80032, 9.49956, 1.87693)
(1.87693, 8.92499, 1.95354)
(1.83862, 9.0016, 1.95354)
(2.14506, 10.9168, 2.56641)
(0.957617, 9.15482, 1.11084)
(1.34066, 8.50364, 1.30236)
(1.6471, 9.61448, 1.49388)
(2.60472, 9.72939, 2.22167)
(1.41727, 9.26973, 2.22167)
(1.53219, 8.12059, 1.6471)
(1.34066, 7.66094, 2.4898)
(1.87693, 10.0741, 2.83455)
(1.83862, 8.88668, 2.98777)
(1.72371, 9.76769, 2.64302)
(1.49388, 9.49956, 2.25998)
(1.45558, 8.61855, 2.06845)
(1.30236, 8.81008, 1.68541)
(1.41727, 9.03991, 1.91523)
(1.41727, 9.11651, 2.37489)
(1.6088, 9.806, 2.60472)
(0.995922, 9.92091, 2.4515)
(1.45558, 9.34634, 1.87693)
(1.03423, 9.03991, 0.995922)
(1.07253, 9.23143, 0.766094)
(1.45558, 9.07821, 1.14914)
(2.18337, 8.73347, 1.87693)
(2.14506, 8.65686, 2.83455)
(2.56641, 8.42703, 2.83455)
(2.60472, 8.1972, 2.87285)
(2.29828, 11.3382, 2.14506)
(1.34066, 8.1972, 1.6088)
(1.57049, 8.84838, 1.6088)
(1.37897, 9.69109, 2.22167)
(1.30236, 9.11651, 1.99184)
(1.34066, 8.77177, 2.41319)
(1.53219, 8.88668, 2.18337)
(1.6088, 8.77177, 2.18337)
(1.6088, 9.61448, 2.10676)
(1.57049, 10.0358, 1.6471)
(1.41727, 8.73347, 1.57049)
(1.57049, 9.11651, 1.26405)
(1.57049, 9.72939, 1.95354)
(1.68541, 8.96329, 1.34066)
(2.03015, 8.27381, 1.6471)
(1.80032, 8.65686, 2.06845)
(1.83862, 8.77177, 3.02607)
(1.99184, 9.0016, 2.75794)
(1.80032, 9.99752, 2.83455)
(1.22575, 8.61855, 1.95354)
(1.14914, 8.84838, 1.83862)
(1.03423, 9.46126, 1.76202)
(1.45558, 8.73347, 2.29828)
(1.37897, 9.23143, 2.94946)
(1.53219, 9.15482, 2.64302)
(1.68541, 8.88668, 2.22167)
(1.45558, 9.11651, 2.29828)
(1.34066, 10.5338, 2.37489)
(0.957617, 8.96329, 1.34066)
(1.14914, 9.19312, 1.37897)
(0.957617, 9.76769, 1.49388)
(1.49388, 9.0016, 1.57049)
(1.95354, 8.65686, 1.30236)
(2.06845, 8.42703, 2.22167)
(2.06845, 8.46534, 2.33659)
(1.99184, 8.81008, 2.68133)
(2.22167, 9.8443, 2.41319)
(1.6088, 8.69516, 1.80032)
(1.22575, 9.806, 1.6088)
(0.459656, 9.65278, 1.57049)
(1.07253, 9.26973, 1.95354)
(1.11084, 9.07821, 2.33659)
(1.22575, 9.11651, 2.22167)
(1.26405, 9.0016, 2.22167)
(1.07253, 9.15482, 2.10676)
(0.995922, 9.92091, 2.06845)
(0.536266, 9.42295, 1.91523)
(0.842703, 8.96329, 1.53219)
(1.11084, 9.38465, 1.6471)
(1.45558, 9.38465, 1.41727)
(1.72371, 9.30804, 1.6471)
(1.80032, 8.96329, 1.83862)
(1.6471, 8.88668, 2.22167)
(1.87693, 8.54194, 2.60472)
(1.95354, 10.2273, 2.68133)
(2.4898, 8.65686, 2.37489)
(1.87693, 9.38465, 2.18337)
(1.03423, 8.88668, 1.91523)
(0.957617, 9.53786, 2.03015)
(0.957617, 9.15482, 2.4515)
(1.03423, 9.0016, 2.71963)
(1.14914, 9.07821, 2.22167)
(1.49388, 9.0016, 2.18337)
(1.30236, 9.34634, 2.29828)
(1.18745, 10.189, 1.87693)
(1.03423, 8.54194, 1.53219)
(0.957617, 9.15482, 1.6471)
(1.14914, 9.42295, 1.45558)
(1.14914, 9.46126, 1.76202)
(1.72371, 8.96329, 1.6471)
(1.91523, 9.49956, 1.95354)
(2.29828, 8.73347, 1.99184)
(2.56641, 8.35042, 2.14506)
(3.02607, 8.54194, 2.91116)
(2.83455, 9.76769, 2.37489)
(2.4515, 8.27381, 2.60472)
(1.6471, 8.73347, 2.22167)
(1.07253, 8.88668, 1.6471)
(0.804398, 9.26973, 1.83862)
(0.421352, 9.69109, 1.68541)
(1.07253, 9.15482, 2.03015)
(1.03423, 9.03991, 2.4515)
(1.53219, 9.07821, 2.37489)
(1.53219, 9.11651, 2.37489)
(1.45558, 9.46126, 2.33659)
(1.41727, 9.11651, 1.76202)
(1.41727, 8.61855, 1.53219)
(1.49388, 10.2273, 1.87693)
(1.37897, 9.03991, 1.07253)
(1.87693, 9.19312, 0.881008)
(1.53219, 9.38465, 0.191523)
(1.49388, 9.07821, 0.919312)
(1.87693, 9.30804, 0.842703)
(2.03015, 9.0016, 1.14914)
(2.18337, 9.34634, 1.37897)
(1.87693, 9.61448, 1.87693)
(1.37897, 9.61448, 1.26405)
(1.68541, 9.07821, 0.689484)
(1.72371, 8.81008, 0.727789)
(1.68541, 9.49956, 0.995922)
(1.49388, 9.30804, 1.30236)
(1.53219, 9.26973, 1.14914)
(1.30236, 9.11651, 1.30236)
(1.18745, 9.34634, 1.37897)
(1.11084, 9.30804, 1.30236)
(1.11084, 9.34634, 1.45558)
(0.153219, 9.15482, 2.41319)
(1.95354, 9.46126, 2.37489)
(1.30236, 9.03991, 2.06845)
(1.95354, 9.30804, 2.03015)
(1.95354, 8.69516, 2.22167)
(2.29828, 8.54194, 2.52811)
(2.22167, 8.77177, 2.41319)
(2.06845, 9.69109, 1.91523)
(1.37897, 9.23143, 1.57049)
(1.68541, 8.84838, 1.72371)
(1.45558, 8.84838, 1.6088)
(1.53219, 9.38465, 1.45558)
(1.37897, 9.57617, 1.6471)
(1.30236, 8.77177, 1.76202)
(1.6088, 9.03991, 1.49388)
(1.6471, 8.96329, 1.49388)
(1.57049, 9.38465, 1.30236)
(1.57049, 10.189, 1.03423)
(1.11084, 9.53786, 1.80032)
(1.34066, 8.61855, 1.95354)
(0.957617, 9.69109, 2.37489)
(0.842703, 9.57617, 2.56641)
(2.25998, 8.1972, 2.29828)
(2.18337, 8.1972, 2.22167)
(2.14506, 8.81008, 2.41319)
(2.10676, 8.77177, 2.4898)
(1.99184, 9.42295, 2.22167)
(2.25998, 10.6104, 2.4515)
(1.14914, 8.35042, 1.76202)
(1.22575, 8.84838, 1.6088)
(0.881008, 9.34634, 1.03423)
(0.65118, 9.69109, 1.76202)
(0.727789, 8.84838, 1.57049)
(1.45558, 8.77177, 1.53219)
(1.80032, 8.69516, 1.45558)
(1.99184, 8.81008, 2.79624)
(1.53219, 10.8785, 3.02607)
(1.6471, 7.81416, 2.75794)
(0.804398, 9.49956, 1.72371)
(0.727789, 9.38465, 1.6471)
(1.07253, 8.65686, 1.41727)
(0.995922, 8.77177, 2.10676)
(1.76202, 9.15482, 2.83455)
(1.91523, 9.0016, 2.52811)
(1.72371, 9.23143, 2.60472)
(2.10676, 9.806, 2.37489)
(1.37897, 8.96329, 1.41727)
(1.76202, 8.81008, 1.45558)
(1.83862, 9.46126, 1.57049)
(1.37897, 9.53786, 1.18745)
(1.34066, 8.73347, 1.18745)
(1.72371, 9.0016, 1.34066)
(1.68541, 9.15482, 1.6088)
(1.72371, 9.15482, 1.95354)
(1.6471, 10.8019, 1.72371)
(1.6471, 8.77177, 1.49388)
(0.689484, 8.92499, 1.76202)
(0.497961, 9.07821, 1.49388)
(0.612875, 9.42295, 2.03015)
(1.07253, 8.92499, 1.87693)
(1.22575, 8.77177, 1.99184)
(1.72371, 8.92499, 2.10676)
(1.45558, 8.84838, 1.87693)
(1.37897, 11.0317, 2.06845)
(1.26405, 9.8443, 1.53219)
(0.766094, 8.23551, 1.34066)
(0.842703, 9.72939, 1.07253)
(1.53219, 9.49956, 1.11084)
(1.76202, 8.92499, 1.34066)
(1.6088, 8.88668, 1.80032)
(1.76202, 8.84838, 1.91523)
(1.76202, 9.0016, 2.4898)
(1.53219, 9.61448, 1.99184)
(1.57049, 9.15482, 1.57049)
(1.03423, 9.0016, 2.10676)
(0.191523, 9.69109, 2.18337)
(0.57457, 8.96329, 2.29828)
(1.14914, 9.07821, 2.10676)
(0.995922, 9.15482, 1.83862)
(0.842703, 9.26973, 1.6471)
(0.995922, 9.03991, 2.37489)
(0.995922, 10.7636, 2.64302)
(0.842703, 8.00568, 1.95354)
(0.804398, 9.53786, 1.22575)
(1.30236, 9.61448, 1.34066)
(1.26405, 8.88668, 1.45558)
(1.83862, 9.23143, 1.80032)
(2.29828, 8.61855, 2.41319)
(2.52811, 8.35042, 2.71963)
(2.71963, 9.15482, 2.87285)
(2.37489, 8.58025, 2.33659)
(2.41319, 9.30804, 1.99184)
(1.53219, 8.81008, 1.57049)
(1.53219, 9.38465, 1.72371)
(1.41727, 9.806, 1.83862)
(1.45558, 8.96329, 2.22167)
(1.30236, 9.11651, 1.87693)
(1.49388, 8.77177, 2.10676)
(1.30236, 8.96329, 1.80032)
(0.804398, 10.3806, 1.53219)
(0.881008, 8.77177, 1.37897)
(0.65118, 9.38465, 1.18745)
(0.842703, 9.46126, 0.842703)
(1.6088, 8.92499, 0.995922)
(2.06845, 9.07821, 1.07253)
(2.33659, 8.77177, 1.37897)
(2.22167, 9.65278, 2.14506)
(2.33659, 8.96329, 2.06845)
(2.25998, 8.92499, 2.03015)
(3.2942, 9.0016, 2.56641)
(3.90708, 8.61855, 2.37489)
(4.25182, 6.81823, 2.37489)
(4.36673, 8.1972, 2.29828)
(4.40504, 7.92907, 2.33659)
(4.17521, 8.08229, 2.37489)
(4.29012, 7.96737, 2.56641)
(4.67317, 7.85246, 2.52811)
(5.05622, 8.35042, 2.71963)
(5.28605, 8.12059, 3.10268)
(5.09452, 6.70332, 2.87285)
(5.13283, 5.97553, 2.4515)
(5.43926, 6.5501, 2.4898)
(5.40096, 8.04398, 2.22167)
(4.97961, 7.12467, 1.53219)
(5.13283, 7.08637, 1.68541)
(8.84838, 7.3545, 2.18337)
(21.9486, 10.9551, 4.86469)
(23.4808, 16.7008, 1.37897)
(-3.48573, 8.00568, -3.44742)
(-3.33251, 0.0766094, 0.0383047)
(-1.34066, -7.27789, 2.29828)
(-3.17929, 1.30236, -0.153219)
(-3.14098, 5.47757, -0.57457)
(32.0227, 28.0773, 1.49388)
(16.5859, 5.89892, 5.93723)
(10.5721, 5.66909, 3.17929)
(6.85654, 6.89484, 1.34066)
(6.77993, 6.70332, 1.18745)
(13.8663, 7.81416, 2.4515)
(13.9046, 12.1426, 1.80032)
(16.8924, 10.3423, -2.29828)
(-5.40096, 5.7074, -1.91523)
(-7.89076, -1.68541, 1.18745)
(-2.4898, -7.92907, 4.17521)
(-2.4898, -6.28197, 3.90708)
(-4.55826, -0.766094, 0.689484)
(1.18745, 8.81008, -1.91523)
(15.7432, 20.5313, 3.10268)
(27.5794, 8.08229, 3.48573)
(11.7212, 4.32843, 5.05622)
(5.13283, 8.58025, 0.459656)
(4.97961, 6.77993, 0.842703)
(9.8443, 7.08637, 2.37489)
(9.92091, 6.93315, 2.64302)
(18.8842, 5.28605, 4.74978)
(16.6625, 3.02607, 2.10676)
(-8.58025, 9.95922, -6.09044)
(-1.18745, -7.43111, 3.33251)
(-0.842703, -9.69109, 5.47757)
(1.72371, -8.00568, 3.79216)
(2.29828, -7.69924, 3.63894)
(2.29828, -7.77585, 4.0603)
(2.14506, -8.58025, 2.22167)
(2.25998, -7.62263, 2.03015)
(2.18337, -7.08637, 2.52811)
(6.93315, -4.44334, 2.52811)
(7.12467, -2.94946, 2.10676)
(9.92091, -2.14506, 3.10268)
(10.8785, 2.41319, 3.40912)
(9.53786, 4.25182, 3.06437)
(8.12059, 4.903, 2.37489)
(7.23959, 6.66501, 2.75794)
(6.24366, 6.5501, 2.83455)
(6.12875, 7.20128, 3.2559)
(5.20944, 6.5501, 3.40912)
(5.17113, 8.73347, 3.63894)
(3.63894, 8.00568, 2.29828)
(3.67725, 9.23143, 1.91523)
(2.91116, 8.58025, 1.68541)
(2.91116, 8.42703, 2.14506)
(3.44742, 7.81416, 2.91116)
(3.52403, 8.77177, 3.21759)
(2.94946, 11.6446, 2.64302)
(3.14098, 7.89076, 3.17929)
(1.49388, 8.54194, 3.44742)
(2.91116, 7.16298, 2.91116)
(3.37081, 7.3928, 3.17929)
(4.0986, 8.46534, 3.48573)
(4.32843, 9.806, 2.52811)
(2.4898, 9.0016, 1.87693)
(2.71963, 8.96329, 2.22167)
(2.18337, 7.43111, 2.25998)
(2.4898, 7.96737, 2.64302)
(2.56641, 8.88668, 2.4898)
(3.48573, 11.185, 2.03015)
(2.87285, 8.08229, 2.25998)
(2.37489, 8.42703, 2.22167)
(3.33251, 7.81416, 2.64302)
(3.2942, 8.1589, 2.87285)
(3.06437, 9.53786, 2.87285)
(2.98777, 9.76769, 3.79216)
(1.91523, 10.3423, 1.45558)
(2.41319, 8.1972, 0.957617)
(2.4515, 7.92907, 0.689484)
(2.94946, 7.77585, 1.41727)
(3.06437, 8.35042, 3.21759)
(3.37081, 9.26973, 4.36673)
(1.37897, 9.76769, 2.4898)
(3.2559, 7.89076, 3.40912)
(3.02607, 8.27381, 3.37081)
(2.87285, 8.54194, 2.68133)
(2.64302, 8.54194, 2.22167)
(2.68133, 9.88261, 2.56641)
(2.56641, 9.806, 1.95354)
(1.53219, 8.73347, 1.34066)
(1.87693, 8.42703, 1.34066)
(2.06845, 8.1972, 1.45558)
(2.25998, 9.15482, 1.49388)
(2.52811, 11.3382, 1.6088)
(2.64302, 8.04398, 2.60472)
(1.49388, 9.61448, 2.64302)
(1.87693, 8.23551, 3.33251)
(2.14506, 8.35042, 3.17929)
(2.22167, 8.08229, 2.75794)
(2.06845, 9.53786, 2.29828)
(2.33659, 9.8443, 1.87693)
(2.33659, 9.38465, 1.83862)
(0.766094, 10.2273, 2.60472)
(0.995922, 8.81008, 2.14506)
(1.41727, 8.35042, 1.80032)
(2.03015, 8.61855, 1.76202)
(2.56641, 10.5338, 2.4898)
(2.68133, 9.38465, 3.37081)
(3.48573, 7.23959, 4.13691)
(3.48573, 6.47349, 4.55826)
(3.44742, 6.77993, 5.43926)
(2.60472, 7.12467, 5.82231)
(2.4515, 7.54602, 5.66909)
(3.71555, 7.92907, 5.51587)
(4.44334, 9.38465, 3.56234)
(4.13691, 9.03991, 2.68133)
(3.75386, 7.66094, 1.99184)
(3.75386, 7.96737, 1.95354)
(3.71555, 9.26973, 2.10676)
(3.33251, 8.23551, 3.02607)
(2.18337, 8.42703, 2.64302)
(2.98777, 8.54194, 2.64302)
(3.02607, 8.31211, 2.52811)
(2.87285, 9.49956, 3.21759)
(2.37489, 9.72939, 3.37081)
(2.33659, 8.54194, 3.06437)
(2.22167, 8.92499, 2.91116)
(2.4898, 7.85246, 3.06437)
(2.52811, 9.72939, 3.21759)
(2.52811, 8.92499, 2.71963)
(2.60472, 8.58025, 2.91116)
(2.60472, 8.04398, 3.2942)
(2.52811, 8.23551, 2.4898)
(2.98777, 8.23551, 2.79624)
(2.98777, 8.81008, 2.60472)
(3.02607, 8.77177, 2.64302)
(2.52811, 9.0016, 2.56641)
(2.10676, 9.65278, 2.56641)
(1.80032, 9.11651, 2.25998)
(1.72371, 9.0016, 2.14506)
(2.41319, 8.1972, 2.06845)
(2.41319, 8.69516, 1.68541)
(2.41319, 9.49956, 2.56641)
(1.14914, 9.76769, 3.2942)
(0.881008, 8.69516, 3.06437)
(1.37897, 8.65686, 3.56234)
(1.49388, 8.38873, 2.87285)
(1.07253, 8.65686, 2.94946)
(1.72371, 9.72939, 3.17929)
(0.804398, 9.38465, 2.64302)
(0.727789, 9.03991, 2.52811)
(0.727789, 9.30804, 2.87285)
(-0.344742, 9.26973, 3.02607)
(0.727789, 8.65686, 3.33251)
(2.14506, 8.42703, 2.83455)
(2.37489, 8.12059, 3.14098)
(2.37489, 8.77177, 2.18337)
(0.766094, 10.687, 3.2559)
(0.0, 9.03991, 2.68133)
(-0.383047, 9.57617, 2.56641)
(0.689484, 9.30804, 2.4515)
(0.57457, 9.0016, 1.30236)
(2.79624, 8.61855, 1.34066)
(3.63894, 8.69516, 2.18337)
(2.37489, 10.1124, 3.98369)
(2.4515, 6.62671, 3.67725)
(3.52403, 6.89484, 3.71555)
(4.13691, 6.16705, 3.90708)
(3.63894, 8.00568, 3.2942)
(4.0986, 7.73755, 3.02607)
(4.40504, 7.73755, 2.03015)
(5.01791, 6.47349, 1.68541)
(7.20128, 5.89892, 2.52811)
(9.95922, 7.16298, 3.14098)
(9.806, 7.69924, 3.44742)
(6.66501, 2.29828, 1.34066)
(7.54602, 3.40912, -0.0766094)
(9.76769, 5.36266, -0.842703)
(8.00568, 4.903, 0.689484)
(9.15482, 5.09452, 1.87693)
(8.46534, 4.71148, -0.0766094)
(7.85246, 3.21759, 0.497961)
(7.92907, 2.87285, -0.0383047)
(8.58025, 2.06845, 0.0383047)
(8.50364, 2.83455, -0.191523)
(8.54194, 3.56234, 0.268133)
(7.58433, 4.51995, 1.41727)
(8.23551, 3.40912, 0.383047)
(8.65686, 5.40096, 1.45558)
(5.47757, 4.9413, 0.881008)
(6.28197, 5.17113, 2.87285)
(6.43519, 6.01384, 3.56234)
(6.66501, 5.40096, 2.91116)
(6.5118, 5.7074, 3.17929)
(7.27789, 7.89076, 4.59656)
(7.00976, 6.09044, 2.60472)
(6.47349, 7.3545, 1.83862)
(5.89892, 5.55418, 2.06845)
(6.01384, 5.17113, 1.37897)
(6.05214, 4.32843, 1.87693)
(6.12875, 7.12467, 4.17521)
(9.72939, 6.93315, 4.55826)
(9.69109, 4.32843, 3.71555)
(6.81823, 4.36673, 3.56234)
(7.58433, 5.93723, 4.0603)
(6.66501, 5.01791, 3.98369)
(6.66501, 3.86877, 3.44742)
(6.97145, 5.32435, 4.0986)
(6.97145, 4.86469, 3.37081)
(6.70332, 4.86469, 3.86877)
(6.39688, 5.05622, 3.71555)
(7.27789, 5.05622, 3.98369)
(6.5501, 4.82639, 3.67725)
(7.3928, 5.01791, 3.79216)
(7.3545, 4.97961, 3.52403)
(7.27789, 4.71148, 3.10268)
(7.3545, 4.44334, 3.02607)
(7.89076, 4.25182, 3.71555)
(7.66094, 4.36673, 3.71555)
(7.43111, 3.90708, 3.52403)
(7.3545, 4.48165, 3.44742)
(7.73755, 4.02199, 3.83047)
(7.81416, 3.79216, 4.13691)
(6.85654, 4.78809, 5.13283)
(6.70332, 3.86877, 4.17521)
(7.50772, 2.79624, 2.03015)
(7.16298, 3.79216, 2.60472)
(7.69924, 5.17113, 3.79216)
(8.08229, 6.66501, 3.86877)
(7.92907, 4.55826, 3.2559)
(6.70332, 4.67317, 2.94946)
(7.96737, 4.36673, 2.98777)
(7.54602, 4.0986, 2.79624)
(7.3545, 3.67725, 2.56641)
(7.31619, 6.20536, 2.68133)
(8.00568, 5.7074, 2.87285)
(7.92907, 4.55826, 2.29828)
(7.12467, 6.5118, 2.64302)
(6.74162, 5.82231, 2.60472)
(7.31619, 4.9413, 3.2942)
(7.73755, 4.9413, 3.14098)
(7.66094, 4.63487, 3.2942)
(7.27789, 5.17113, 2.91116)
(7.3545, 3.90708, 2.68133)
(7.85246, 3.10268, 2.25998)
(7.69924, 3.71555, 2.25998)
(7.58433, 4.82639, 2.18337)
(8.58025, 4.74978, 1.91523)
(8.65686, 4.21351, 0.804398)
(7.69924, 5.01791, 0.536266)
(7.73755, 5.97553, 2.64302)
(14.1727, 8.38873, 9.72939)
(31.678, 15.0154, 7.46941)
(1.57049, 18.0032, -9.26973)
(-8.96329, 2.79624, -3.90708)
(-6.35858, -5.66909, 2.33659)
(-6.47349, 9.0016, -3.60064)
(14.326, 22.2167, 1.11084)
(28.4604, 4.903, 6.39688)
(11.7978, 2.37489, 2.14506)
(8.81008, 3.90708, 1.95354)
(13.33, 5.97553, 2.75794)
(18.2713, 4.9413, 8.00568)
(18.8076, 10.0741, 5.32435)
(-12.9853, 7.96737, -8.54194)
(-13.6365, -4.0986, 3.52403)
(4.86469, -7.66094, 5.36266)
(4.48165, 0.804398, -4.32843)
(-3.56234, 1.91523, -0.268133)
(37.845, 22.0252, 1.34066)
(16.8541, -0.612875, 9.46126)
(8.1589, 3.79216, 0.612875)
(8.1589, 6.35858, 0.65118)
(9.57617, 1.11084, 0.766094)
(11.9894, 3.75386, 0.612875)
(28.039, 1.99184, 6.35858)
(18.0415, 7.46941, -0.421352)
(17.3903, 10.5338, -3.90708)
(-1.80032, -5.78401, 1.91523)
(-1.45558, -10.1507, 2.75794)
(2.03015, -8.96329, 2.79624)
(1.11084, -7.77585, 2.41319)
(2.56641, -8.04398, 1.91523)
(4.78809, -7.89076, 2.56641)
(5.17113, -6.77993, 1.53219)
(6.5501, -5.20944, 0.153219)
(6.93315, -4.02199, -0.306437)
(9.42295, -1.14914, 0.0)
(11.9128, 0.191523, 1.37897)
(12.1043, 2.41319, 2.71963)
(9.30804, 4.13691, 1.83862)
(9.34634, 4.74978, 1.30236)
(7.96737, 4.9413, 1.11084)
(8.08229, 5.20944, 1.18745)
(7.62263, 5.36266, 1.22575)
(6.5501, 6.12875, 1.03423)
(7.31619, 6.12875, 1.11084)
(7.3545, 5.66909, 1.30236)
(6.77993, 5.40096, 1.03423)
(5.05622, 5.7457, 1.34066)
(4.86469, 7.69924, 3.14098)
(2.75794, 9.72939, 2.79624)
(2.22167, 10.1507, 2.75794)
(1.34066, 9.69109, 1.80032)
(1.37897, 9.806, 1.87693)
(1.49388, 9.99752, 1.91523)
(1.30236, 9.57617, 1.57049)
(0.612875, 9.46126, 1.6471)
(1.53219, 9.0016, 1.72371)
(1.45558, 8.84838, 1.83862)
(1.34066, 8.58025, 1.57049)
(1.26405, 9.38465, 2.06845)
(1.37897, 9.42295, 1.80032)
(1.37897, 8.58025, 1.72371)
(1.87693, 9.03991, 2.14506)
(1.49388, 8.73347, 1.95354)
(1.83862, 8.58025, 1.99184)
(1.72371, 8.54194, 1.99184)
(1.41727, 8.65686, 2.14506)
(1.83862, 8.77177, 2.33659)
(2.29828, 9.11651, 2.4515)
(1.37897, 8.84838, 2.14506)
(1.80032, 9.19312, 1.91523)
(1.91523, 9.15482, 2.25998)
(1.95354, 8.84838, 2.4515)
(1.83862, 9.07821, 2.18337)
(2.14506, 9.0016, 2.29828)
(1.95354, 8.92499, 2.41319)
(2.06845, 9.03991, 2.10676)
(2.06845, 9.0016, 2.64302)
(1.91523, 9.07821, 2.37489)
(1.57049, 9.15482, 2.33659)
(1.6088, 9.11651, 2.10676)
(1.80032, 8.84838, 2.18337)
(1.76202, 9.0016, 2.41319)
(1.68541, 9.11651, 2.03015)
(1.83862, 8.96329, 2.41319)
(1.76202, 9.0016, 2.22167)
(1.76202, 8.84838, 2.60472)
(1.91523, 8.92499, 2.14506)
(1.72371, 9.03991, 2.41319)
(1.6088, 9.34634, 2.03015)
(1.68541, 9.03991, 2.25998)
(1.76202, 9.03991, 2.22167)
(1.72371, 8.92499, 2.14506)
(1.72371, 8.81008, 2.06845)
(1.95354, 9.26973, 1.95354)
(1.6088, 9.26973, 2.06845)
(1.6088, 9.03991, 1.76202)
(1.76202, 8.81008, 2.4515)
(1.72371, 9.15482, 1.87693)
(1.57049, 9.07821, 2.03015)
(1.68541, 9.15482, 1.68541)
(1.76202, 9.61448, 1.91523)
(1.45558, 9.0016, 1.83862)
(1.6088, 9.23143, 2.25998)
(1.72371, 8.92499, 2.03015)
(1.68541, 9.19312, 1.83862)
(1.80032, 9.46126, 2.14506)
(1.6471, 9.15482, 1.80032)
(1.37897, 9.19312, 2.14506)
(1.49388, 9.0016, 2.06845)
(1.45558, 8.77177, 1.95354)
(1.41727, 9.46126, 1.68541)
(1.49388, 9.07821, 1.91523)
(1.68541, 8.92499, 1.91523)
(1.57049, 9.19312, 1.80032)
(1.6088, 8.35042, 2.06845)
(1.53219, 9.03991, 2.29828)
(1.45558, 9.19312, 2.03015)
(1.34066, 9.26973, 1.76202)
(1.49388, 9.0016, 2.14506)
(1.49388, 8.50364, 2.10676)
(1.68541, 9.11651, 2.06845)
(1.6088, 8.96329, 2.33659)
(1.91523, 8.81008, 2.4898)
(2.29828, 8.96329, 2.64302)
(2.41319, 9.15482, 2.68133)
(2.75794, 8.96329, 3.02607)
(2.91116, 8.38873, 2.91116)
(2.64302, 8.38873, 2.56641)
(2.91116, 8.65686, 2.71963)
(2.87285, 8.61855, 2.94946)
(2.79624, 8.65686, 2.68133)
(2.87285, 8.61855, 2.79624)
(2.87285, 8.73347, 2.87285)
(2.71963, 8.58025, 2.64302)
(2.56641, 8.46534, 3.10268)
(2.91116, 8.50364, 2.91116)
(2.56641, 8.69516, 2.94946)
(2.4515, 8.65686, 2.60472)
(2.4898, 8.50364, 2.52811)
(2.22167, 8.96329, 3.2942)
(1.87693, 8.65686, 2.68133)
(1.95354, 9.07821, 2.56641)
(1.6088, 9.806, 2.41319)
(1.57049, 9.95922, 1.99184)
(1.41727, 8.61855, 2.33659)
(1.11084, 9.57617, 1.83862)
(1.14914, 9.26973, 1.76202)
(0.995922, 9.65278, 1.83862)
(1.53219, 8.88668, 1.80032)
(1.45558, 9.34634, 2.03015)
(1.45558, 9.34634, 1.72371)
(1.37897, 9.03991, 1.6088)
(1.41727, 8.92499, 1.91523)
(1.45558, 9.19312, 1.53219)
(1.49388, 9.57617, 1.91523)
(1.45558, 8.69516, 1.83862)
(1.76202, 8.88668, 2.37489)
(1.72371, 9.0016, 2.41319)
(1.6471, 9.07821, 1.87693)
(1.68541, 9.30804, 1.91523)
(1.83862, 8.96329, 2.10676)
(1.83862, 8.92499, 2.14506)
(1.76202, 8.96329, 2.33659)
(1.80032, 8.69516, 2.25998)
(1.87693, 9.42295, 2.71963)
(1.68541, 9.23143, 2.33659)
(1.6471, 8.61855, 2.56641)
(1.53219, 8.88668, 1.87693)
(1.76202, 8.73347, 2.06845)
(1.83862, 9.23143, 1.83862)
(1.80032, 8.54194, 2.10676)
(2.10676, 8.65686, 2.56641)
(2.18337, 9.11651, 2.4515)
(1.83862, 8.61855, 2.41319)
(1.95354, 8.92499, 2.14506)
(2.22167, 8.96329, 2.25998)
(1.6471, 9.07821, 2.4515)
(1.95354, 9.19312, 2.83455)
(1.76202, 9.07821, 2.52811)
(1.80032, 9.11651, 2.03015)
(1.6088, 9.03991, 2.18337)
(2.06845, 8.96329, 2.4898)
(2.03015, 9.03991, 1.99184)
(1.72371, 9.19312, 2.18337)
(1.76202, 9.19312, 2.18337)
(1.87693, 9.07821, 2.22167)
(1.57049, 8.84838, 2.14506)
(1.37897, 9.26973, 2.10676)
(1.68541, 9.69109, 2.71963)
(1.83862, 8.65686, 2.37489)
(1.72371, 9.03991, 2.14506)
(2.22167, 9.15482, 2.33659)
(1.83862, 8.96329, 2.25998)
(1.91523, 9.15482, 1.87693)
(2.03015, 8.92499, 2.29828)
(1.57049, 8.61855, 2.14506)
(1.53219, 9.0016, 1.99184)
(1.6471, 8.92499, 2.06845)
(1.45558, 8.61855, 2.33659)
(1.49388, 9.42295, 1.76202)
(1.80032, 9.72939, 2.29828)
(1.6471, 9.03991, 2.22167)
(1.68541, 9.19312, 2.14506)
(1.83862, 9.07821, 1.91523)
(1.41727, 9.19312, 1.99184)
(1.37897, 9.11651, 2.14506)
(1.18745, 9.11651, 1.6088)
(1.53219, 9.38465, 2.10676)
(2.03015, 8.73347, 2.10676)
(1.53219, 9.19312, 2.10676)
(1.53219, 9.03991, 2.18337)
(1.6471, 8.58025, 1.6471)
(1.72371, 8.46534, 2.03015)
(2.41319, 8.81008, 2.41319)
(2.22167, 9.03991, 3.33251)
(3.10268, 9.49956, 3.06437)
(3.40912, 9.23143, 3.2942)
(3.48573, 8.27381, 3.44742)
(3.10268, 7.43111, 3.44742)
(4.0986, 8.27381, 2.94946)
(3.17929, 8.58025, 3.33251)
(3.21759, 8.08229, 3.17929)
(2.91116, 8.46534, 3.37081)
(2.98777, 8.31211, 3.75386)
(2.60472, 8.1589, 3.48573)
(2.75794, 8.46534, 3.33251)
(2.41319, 8.73347, 3.2942)
(2.18337, 8.54194, 3.48573)
(2.22167, 8.65686, 3.63894)
(2.10676, 8.88668, 3.02607)
(1.14914, 9.49956, 2.37489)
(0.881008, 9.53786, 2.52811)
(0.766094, 9.42295, 2.22167)
(0.881008, 9.26973, 2.18337)
(1.03423, 9.34634, 2.10676)
(0.766094, 9.72939, 2.22167)
(0.804398, 9.0016, 2.64302)
(0.804398, 8.73347, 1.95354)
(1.11084, 9.49956, 1.83862)
(1.14914, 9.30804, 2.22167)
(1.03423, 9.53786, 2.10676)
(0.842703, 9.0016, 2.06845)
(0.919312, 8.61855, 2.10676)
(2.06845, 9.03991, 2.60472)
(1.76202, 9.42295, 2.14506)
(1.72371, 9.19312, 2.52811)
(1.57049, 8.81008, 2.06845)
(1.57049, 9.0016, 2.06845)
(1.72371, 9.0016, 2.37489)
(1.76202, 9.30804, 2.29828)
(1.6088, 8.58025, 2.33659)
(1.6471, 8.96329, 2.60472)
(1.57049, 9.15482, 1.72371)
(1.57049, 8.81008, 2.14506)
(1.68541, 9.03991, 2.4898)
(1.53219, 8.84838, 2.14506)
(1.45558, 8.73347, 2.25998)
(1.49388, 8.73347, 1.83862)
(1.53219, 8.96329, 2.06845)
(1.72371, 9.07821, 1.87693)
(1.41727, 9.11651, 2.25998)
(1.6088, 9.11651, 2.25998)
(1.6471, 9.23143, 2.10676)
(1.72371, 9.19312, 2.22167)
(1.68541, 9.03991, 2.41319)
(1.53219, 9.19312, 2.25998)
(1.45558, 9.03991, 2.10676)
(1.6088, 9.34634, 1.95354)
(1.34066, 9.0016, 2.10676)
(1.6088, 8.92499, 1.87693)
(1.34066, 9.03991, 2.18337)
(1.22575, 9.03991, 2.4515)
(1.30236, 9.03991, 2.14506)
(1.30236, 8.73347, 1.99184)
(1.41727, 9.15482, 1.83862)
(1.22575, 9.03991, 2.41319)
(0.995922, 9.19312, 2.33659)
(1.22575, 9.49956, 2.18337)
(1.34066, 9.38465, 2.22167)
(1.26405, 8.88668, 1.91523)
(1.41727, 8.96329, 2.29828)
(1.68541, 9.11651, 2.33659)
(1.6088, 9.03991, 2.25998)
(1.57049, 9.65278, 2.03015)
(1.37897, 9.23143, 2.29828)
(1.22575, 8.84838, 2.33659)
(1.41727, 9.11651, 2.33659)
(1.49388, 9.03991, 2.33659)
(1.53219, 9.57617, 2.56641)
(1.6088, 9.30804, 2.68133)
(2.06845, 9.23143, 3.10268)
(2.60472, 8.96329, 3.2559)
(2.71963, 8.31211, 2.71963)
(2.83455, 8.88668, 3.44742)
(2.79624, 8.50364, 3.48573)
(2.64302, 8.08229, 3.40912)
(2.60472, 8.58025, 3.2942)
(2.4515, 8.73347, 3.75386)
(2.64302, 8.50364, 2.75794)
(3.44742, 8.1972, 3.06437)
(3.10268, 8.50364, 3.2559)
(2.64302, 8.1972, 3.40912)
(2.98777, 8.27381, 3.48573)
(3.06437, 8.12059, 3.75386)
(2.4515, 8.54194, 3.94538)
(2.41319, 8.38873, 3.79216)
(2.4898, 8.46534, 3.10268)
(2.52811, 8.31211, 3.63894)
(2.56641, 8.23551, 3.44742)
(2.22167, 8.46534, 3.40912)
(2.33659, 8.12059, 3.02607)
(2.33659, 8.77177, 3.83047)
(2.33659, 8.35042, 3.37081)
(2.03015, 8.69516, 3.06437)
(1.91523, 8.69516, 3.10268)
(1.6471, 8.84838, 3.48573)
(1.45558, 8.92499, 2.98777)
(1.34066, 8.81008, 2.71963)
(1.91523, 8.61855, 2.64302)
(1.6088, 8.77177, 2.68133)
(1.6471, 9.38465, 2.14506)
(1.34066, 9.61448, 2.41319)
(1.37897, 9.57617, 2.37489)
(1.41727, 9.88261, 2.25998)
(1.72371, 9.76769, 1.83862)
(1.37897, 9.88261, 1.6088)
(1.6471, 9.95922, 2.22167)
(1.37897, 9.72939, 2.14506)
(1.41727, 9.11651, 2.25998)
(1.72371, 8.88668, 1.95354)
(1.57049, 8.65686, 2.25998)
(1.83862, 8.1972, 2.29828)
(1.76202, 8.61855, 2.60472)
(1.87693, 8.54194, 2.4515)
(1.91523, 8.46534, 2.25998)
(1.91523, 8.61855, 2.71963)
(1.99184, 8.58025, 2.91116)
(1.99184, 8.77177, 2.71963)
(1.99184, 8.58025, 2.83455)
(1.95354, 8.61855, 2.25998)
(1.99184, 8.58025, 2.52811)
(1.95354, 8.73347, 2.71963)
(2.06845, 8.88668, 2.52811)
(1.99184, 9.0016, 2.29828)
(1.91523, 8.73347, 2.56641)
(1.80032, 9.0016, 2.4898)
(1.80032, 8.77177, 2.4515)
(1.53219, 8.77177, 2.10676)
(1.6088, 8.81008, 2.10676)
(1.80032, 8.84838, 1.87693)
(1.72371, 9.49956, 2.06845)
(1.68541, 9.19312, 2.03015)
(1.45558, 9.19312, 2.33659)
(1.6088, 9.11651, 1.87693)
(1.49388, 8.73347, 1.6471)
(1.49388, 9.38465, 1.30236)
(1.72371, 9.19312, 1.53219)
(1.53219, 9.11651, 1.68541)
(1.6088, 8.96329, 1.72371)
(1.53219, 9.15482, 1.80032)
(1.76202, 9.46126, 1.53219)
(2.03015, 9.11651, 1.83862)
(2.03015, 8.35042, 1.6088)
(4.21351, 8.08229, 1.68541)
(4.32843, 7.46941, 3.2942)
(6.89484, 8.12059, 2.18337)
(6.70332, 7.12467, 2.22167)
(6.89484, 5.40096, 1.72371)
(6.58841, 5.28605, 0.881008)
(7.92907, 5.78401, 1.11084)
(8.00568, 5.59248, 0.421352)
(7.31619, 5.24774, 0.421352)
(7.58433, 5.59248, 0.497961)
(7.08637, 5.89892, 0.65118)
(7.20128, 5.7457, 0.65118)
(6.28197, 5.97553, 2.06845)
(6.16705, 6.28197, 0.957617)
(6.93315, 6.09044, 2.03015)
(6.5118, 6.47349, 1.57049)
(6.24366, 6.12875, 1.6471)
(6.85654, 6.12875, 2.10676)
(5.47757, 6.85654, 2.22167)
(4.74978, 7.77585, 2.71963)
(4.67317, 8.42703, 2.4515)
(3.63894, 8.69516, 2.33659)
(3.71555, 9.26973, 1.80032)
(2.18337, 9.65278, 1.68541)
(1.72371, 9.92091, 1.76202)
(1.6471, 9.49956, 1.80032)
(1.6088, 9.19312, 1.34066)
(1.6088, 9.49956, 1.34066)
(1.07253, 8.84838, 0.804398)
(1.45558, 8.54194, 0.842703)
(1.30236, 9.15482, 0.995922)
(1.53219, 9.23143, 1.22575)
(1.72371, 9.30804, 0.919312)
(1.76202, 9.0016, 1.26405)
(1.45558, 9.19312, 0.881008)
(1.34066, 9.0016, 1.37897)
(1.34066, 8.77177, 1.18745)
(1.37897, 8.84838, 1.26405)
(1.80032, 9.34634, 1.83862)
(1.6471, 8.81008, 1.6471)
(1.80032, 8.65686, 1.34066)
(1.72371, 9.11651, 1.49388)
(1.6088, 9.19312, 1.76202)
(1.76202, 9.11651, 1.22575)
(1.34066, 9.19312, 1.37897)
(1.76202, 9.23143, 1.49388)
(1.83862, 9.30804, 1.68541)
(2.10676, 9.07821, 1.76202)
(2.10676, 8.92499, 1.37897)
(1.87693, 9.23143, 1.14914)
(1.72371, 9.23143, 1.03423)
(2.03015, 8.73347, 0.842703)
(2.18337, 9.07821, 0.995922)
(2.22167, 8.92499, 0.842703)
(2.03015, 8.84838, 1.26405)
(2.25998, 9.07821, 1.41727)
(2.83455, 8.88668, 1.37897)
(2.75794, 8.88668, 1.11084)
(2.14506, 9.23143, 0.612875)
(1.87693, 9.34634, 0.804398)
(2.37489, 9.65278, 1.07253)
(1.80032, 9.53786, 1.41727)
(1.83862, 8.73347, 1.11084)
(2.60472, 9.15482, 1.18745)
(3.40912, 8.35042, 0.842703)
(3.60064, 7.23959, 0.995922)
(3.56234, 8.73347, 4.21351)
(5.63079, 10.2657, 1.37897)
(5.40096, 9.76769, 1.18745)
(4.78809, 6.24366, 1.68541)
(6.12875, 6.09044, 2.10676)
(6.58841, 7.85246, 1.72371)
(8.23551, 7.77585, 2.22167)
(7.85246, 6.32027, 1.45558)
(6.58841, 5.24774, -0.191523)
(7.23959, 4.32843, 0.0766094)
(7.58433, 3.56234, 0.229828)
(8.88668, 3.2559, -0.0383047)
(7.81416, 2.87285, -0.229828)
(8.08229, 3.63894, -0.0383047)
(8.12059, 4.82639, 0.689484)
(8.08229, 5.09452, 1.53219)
(7.3928, 5.43926, 1.37897)
(6.35858, 6.43519, 1.30236)
(6.32027, 7.12467, 1.07253)
(5.82231, 7.31619, 0.804398)
(4.9413, 8.00568, 1.03423)
(3.79216, 9.65278, 1.68541)
(3.14098, 9.8443, 1.41727)
(2.25998, 10.1124, 1.49388)
(1.87693, 10.0358, 1.11084)
(1.53219, 9.806, 0.995922)
(1.45558, 9.38465, 1.14914)
(1.34066, 8.96329, 1.45558)
(1.34066, 9.19312, 1.18745)
(1.30236, 9.38465, 1.37897)
(1.26405, 8.54194, 1.53219)
(1.49388, 8.58025, 1.37897)
(1.53219, 9.03991, 1.34066)
(1.6088, 9.26973, 1.57049)
(1.53219, 8.69516, 1.68541)
(1.49388, 8.88668, 1.6471)
(1.37897, 8.69516, 1.76202)
(1.34066, 8.65686, 1.34066)
(1.6088, 9.15482, 1.26405)
(1.53219, 9.03991, 1.26405)
(1.72371, 9.15482, 1.76202)
(1.80032, 9.26973, 1.99184)
(1.83862, 9.0016, 2.4898)
(1.57049, 9.26973, 1.80032)
(1.72371, 8.73347, 1.6471)
(1.6088, 8.92499, 1.76202)
(1.53219, 8.65686, 1.41727)
(1.22575, 9.30804, 1.49388)
(1.30236, 8.81008, 1.80032)
(1.03423, 8.65686, 1.49388)
(0.995922, 8.73347, 1.53219)
(1.26405, 9.30804, 1.57049)
(0.919312, 9.72939, 1.26405)
(0.689484, 9.76769, 1.37897)
(1.83862, 9.38465, 1.6471)
(1.72371, 9.53786, 1.72371)
(0.881008, 9.26973, 1.45558)
(1.07253, 9.23143, 1.45558)
(1.37897, 9.15482, 1.22575)
(1.87693, 9.34634, 1.57049)
(1.72371, 9.42295, 1.95354)
(3.06437, 9.07821, 2.52811)
(3.17929, 9.49956, 2.4898)
(3.67725, 9.34634, 2.79624)
(3.67725, 8.08229, 2.4898)
(3.90708, 7.69924, 2.29828)
(4.29012, 8.04398, 2.52811)
(4.44334, 7.96737, 2.41319)
(4.29012, 7.62263, 2.56641)
(4.74978, 7.92907, 2.52811)
(4.59656, 8.04398, 2.71963)
(4.71148, 7.54602, 2.68133)
(4.02199, 8.12059, 3.02607)
(3.98369, 8.1589, 3.10268)
(4.0986, 7.69924, 2.64302)
(3.98369, 7.81416, 2.87285)
(4.32843, 7.92907, 2.4898)
(4.25182, 8.00568, 2.75794)
(4.0986, 7.96737, 2.52811)
(4.0986, 8.04398, 2.60472)
(4.13691, 8.1972, 2.71963)
(3.94538, 8.23551, 2.52811)
(4.0603, 8.12059, 2.75794)
(3.37081, 8.42703, 2.33659)
(3.2942, 8.35042, 2.75794)
(3.17929, 8.35042, 3.2942)
(3.21759, 8.54194, 2.91116)
(2.4898, 8.42703, 2.56641)
(2.79624, 8.50364, 2.79624)
(2.68133, 8.61855, 2.94946)
(2.75794, 9.42295, 2.68133)
(2.41319, 9.34634, 2.71963)
(1.80032, 9.76769, 2.29828)
(1.87693, 9.806, 2.33659)
(1.6088, 9.72939, 2.10676)
(1.30236, 9.76769, 2.37489)
(1.30236, 9.07821, 2.33659)
(1.57049, 9.0016, 2.03015)
(1.57049, 8.81008, 1.45558)
(1.76202, 8.73347, 1.26405)
(1.76202, 8.65686, 1.49388)
(1.57049, 8.73347, 1.6471)
(1.6471, 8.46534, 1.68541)
(1.57049, 9.03991, 1.83862)
(1.68541, 8.84838, 1.95354)
(1.72371, 8.31211, 1.91523)
(1.72371, 9.0016, 1.91523)
(1.6471, 8.73347, 1.83862)
(1.72371, 9.11651, 1.99184)
(1.68541, 9.30804, 1.87693)
(1.6471, 9.07821, 1.87693)
(1.6471, 9.15482, 1.41727)
(1.57049, 9.19312, 1.41727)
(1.72371, 9.26973, 1.83862)
(1.37897, 9.42295, 1.87693)
(1.6471, 9.19312, 1.57049)
(1.57049, 9.30804, 1.53219)
(1.80032, 9.30804, 1.49388)
(1.57049, 8.61855, 1.26405)
(1.76202, 9.03991, 1.41727)
(1.57049, 8.84838, 1.37897)
(1.57049, 8.77177, 1.45558)
(1.26405, 8.46534, 1.72371)
(1.34066, 8.69516, 1.49388)
(1.6471, 9.19312, 1.6471)
(1.95354, 9.38465, 1.6471)
(1.76202, 9.42295, 1.91523)
(1.68541, 9.03991, 1.80032)
(1.80032, 9.26973, 1.72371)
(1.6471, 9.49956, 2.14506)
(1.6471, 8.58025, 1.80032)
(2.79624, 8.42703, 1.6471)
(2.64302, 9.03991, 1.14914)
(5.66909, 8.54194, 1.41727)
(5.66909, 8.77177, 1.26405)
(6.89484, 6.01384, 0.881008)
(4.903, 6.01384, -0.0766094)
(6.89484, 7.00976, -0.0766094)
(8.1972, 5.28605, 0.842703)
(6.97145, 4.17521, 0.919312)
(7.73755, 4.9413, 0.842703)
(7.58433, 6.01384, 0.497961)
(7.31619, 5.78401, 0.344742)
(7.31619, 5.82231, 0.689484)
(7.3545, 5.82231, 0.612875)
(7.3545, 6.28197, 0.612875)
(7.04806, 6.24366, 0.65118)
(7.12467, 6.62671, 0.421352)
(6.58841, 6.39688, 0.689484)
(6.58841, 6.32027, 0.957617)
(6.5501, 6.77993, 0.957617)
(5.89892, 6.93315, 0.919312)
(5.78401, 7.58433, 1.26405)
(3.98369, 8.1589, 1.76202)
(3.94538, 9.15482, 1.80032)
(1.53219, 9.38465, 1.99184)
(1.57049, 9.57617, 1.72371)
(1.72371, 10.2657, 1.22575)
(1.11084, 10.0358, 1.03423)
(0.957617, 9.69109, 0.842703)
(0.881008, 9.34634, 0.65118)
(1.03423, 9.65278, 0.65118)
(1.11084, 10.1124, 0.612875)
(1.26405, 9.0016, 0.727789)
(1.34066, 8.73347, 0.766094)
(1.30236, 9.42295, 1.18745)
(1.53219, 9.53786, 0.65118)
(1.49388, 9.26973, 0.881008)
(1.6471, 8.73347, 0.919312)
(1.72371, 8.92499, 1.07253)
(1.99184, 9.49956, 1.45558)
(2.14506, 9.0016, 1.34066)
(2.22167, 8.46534, 1.14914)
(2.25998, 8.50364, 1.26405)
(2.4515, 8.54194, 1.07253)
(2.25998, 8.92499, 1.72371)
(2.10676, 9.03991, 1.53219)
(1.99184, 9.03991, 1.91523)
(2.14506, 9.15482, 1.49388)
(1.91523, 9.11651, 1.41727)
(2.03015, 9.30804, 1.68541)
(1.83862, 9.34634, 1.34066)
(1.57049, 9.03991, 1.80032)
(1.68541, 9.03991, 1.49388)
(1.57049, 9.19312, 1.6471)
(1.6471, 8.96329, 1.6088)
(1.80032, 8.96329, 1.11084)
(1.76202, 8.84838, 1.37897)
(1.80032, 8.84838, 1.07253)
(1.68541, 9.46126, 1.22575)
(1.49388, 9.53786, 1.11084)
(1.49388, 9.49956, 0.612875)
(1.34066, 9.30804, 0.344742)
(1.45558, 9.26973, 1.03423)
(1.95354, 9.23143, 0.57457)
(1.91523, 9.07821, 0.153219)
(1.68541, 9.03991, 0.0383047)
(1.6471, 9.23143, 0.114914)
(1.72371, 9.30804, 0.0766094)
(1.49388, 9.34634, 0.995922)
(1.87693, 9.15482, 0.421352)
(1.99184, 8.81008, 0.114914)
(2.25998, 8.81008, 0.497961)
(1.95354, 8.73347, 0.804398)
(1.99184, 8.69516, 0.229828)
(2.03015, 8.1972, 0.459656)
(3.48573, 9.26973, 0.804398)
(3.44742, 8.77177, 1.11084)
(5.59248, 9.15482, 1.6471)
(7.77585, 8.92499, 1.53219)
(7.73755, 6.43519, 0.612875)
(5.24774, 7.46941, 1.07253)
(5.66909, 8.81008, 1.57049)
(5.32435, 7.27789, 1.76202)
(4.9413, 8.04398, 1.99184)
(5.01791, 7.92907, 2.10676)
(4.86469, 7.43111, 1.99184)
(4.71148, 8.08229, 1.76202)
(4.63487, 8.12059, 1.87693)
(4.25182, 8.00568, 1.80032)
(3.90708, 8.1972, 2.03015)
(3.71555, 8.23551, 1.95354)
(3.14098, 8.12059, 1.95354)
(3.2559, 8.50364, 2.33659)
(2.25998, 9.30804, 1.53219)
(2.06845, 9.38465, 1.41727)
(1.49388, 9.92091, 1.26405)
(1.11084, 9.8443, 1.11084)
(1.11084, 10.189, 0.995922)
(1.18745, 9.806, 0.727789)
(1.22575, 9.806, 0.57457)
(1.34066, 9.42295, 0.919312)
(1.53219, 9.03991, 0.766094)
(1.26405, 9.65278, 1.53219)
(1.49388, 9.69109, 0.957617)
(1.72371, 9.42295, 0.65118)
(1.45558, 9.42295, 0.383047)
(1.53219, 9.0016, 0.766094)
(1.41727, 8.35042, 0.881008)
(1.6088, 8.65686, 1.18745)
(1.45558, 8.88668, 1.49388)
(1.53219, 8.50364, 1.11084)
(1.49388, 8.96329, 0.689484)
(1.68541, 9.07821, 1.41727)
(2.25998, 8.96329, 1.53219)
(1.72371, 8.96329, 1.18745)
(1.53219, 9.07821, 1.30236)
(1.53219, 9.34634, 0.995922)
(1.6471, 9.38465, 1.22575)
(1.6088, 9.23143, 1.14914)
(1.49388, 9.26973, 0.612875)
(1.45558, 9.23143, 1.07253)
(1.34066, 9.19312, 0.881008)
(1.41727, 9.07821, 0.689484)
(1.30236, 9.57617, 1.11084)
(1.49388, 9.42295, 1.03423)
(1.37897, 9.11651, 0.612875)
(1.68541, 9.23143, 1.03423)
(1.76202, 9.34634, 0.766094)
(1.57049, 9.23143, 0.536266)
(1.45558, 8.92499, 0.57457)
(1.37897, 9.15482, 0.804398)
(1.72371, 9.11651, 0.804398)
(1.80032, 9.34634, 1.03423)
(1.80032, 8.96329, 0.727789)
(1.72371, 9.42295, 0.727789)
(1.49388, 9.34634, 0.727789)
(1.80032, 9.19312, 1.03423)
(1.68541, 9.23143, 0.995922)
(1.83862, 8.88668, 1.26405)
(1.80032, 8.92499, 0.995922)
(1.6088, 8.84838, 0.919312)
(1.41727, 9.34634, 1.99184)
(4.25182, 8.88668, 2.79624)
(4.32843, 8.1589, 3.52403)
(5.82231, 9.806, 2.4898)
(5.97553, 6.32027, 3.48573)
(3.48573, 6.5501, 2.64302)
(3.40912, 9.65278, 3.60064)
(4.13691, 7.89076, 2.87285)
(4.02199, 7.66094, 3.14098)
(3.63894, 8.65686, 3.75386)
(3.2942, 7.89076, 3.37081)
(3.2942, 8.04398, 3.56234)
(3.02607, 8.23551, 3.71555)
(3.14098, 8.1589, 3.52403)
(2.94946, 8.81008, 3.44742)
(2.25998, 8.38873, 3.37081)
(2.25998, 8.42703, 2.83455)
(1.68541, 9.15482, 2.4898)
(1.30236, 9.61448, 2.25998)
(1.30236, 10.0741, 1.6088)
(0.881008, 9.88261, 1.18745)
(1.45558, 9.806, 1.07253)
(0.881008, 9.8443, 0.536266)
(0.995922, 9.65278, 0.842703)
(1.18745, 9.26973, 0.919312)
(1.53219, 8.92499, 0.727789)
(1.34066, 9.03991, 1.07253)
(1.18745, 9.19312, 0.268133)
(1.14914, 9.34634, 0.0)
(0.919312, 9.57617, 0.65118)
(1.26405, 9.65278, 0.842703)
(1.03423, 8.92499, 0.65118)
(1.49388, 8.96329, 0.881008)
(1.6088, 9.23143, 0.689484)
(1.45558, 9.11651, 1.11084)
(1.53219, 9.03991, 1.22575)
(1.6088, 9.26973, 1.37897)
(1.6471, 8.88668, 0.804398)
(1.80032, 9.26973, 1.11084)
(1.76202, 9.19312, 1.03423)
(1.76202, 8.88668, 0.995922)
(1.87693, 9.03991, 1.34066)
(1.76202, 9.38465, 1.03423)
(1.72371, 9.26973, 0.957617)
(1.68541, 9.03991, 1.30236)
(1.83862, 8.81008, 0.727789)
(1.83862, 9.38465, 0.57457)
(1.83862, 9.46126, -0.153219)
(1.14914, 9.42295, 1.57049)
(2.03015, 9.23143, 0.421352)
(1.53219, 9.46126, 0.421352)
(1.76202, 9.19312, -0.153219)
(1.53219, 9.26973, 0.383047)
(1.68541, 9.42295, 0.65118)
(1.34066, 9.15482, 0.459656)
(1.11084, 9.11651, 0.766094)
(1.72371, 9.69109, 0.995922)
(1.76202, 9.15482, 0.689484)
(1.83862, 8.88668, 0.919312)
(1.76202, 9.03991, 0.881008)
(1.87693, 9.38465, 1.26405)
(1.72371, 9.53786, 1.45558)
(1.22575, 9.88261, 0.957617)
(1.95354, 9.15482, 0.995922)
(1.41727, 8.73347, 0.957617)
(1.07253, 9.65278, 1.30236)
(1.6471, 9.19312, 1.07253)
(1.6088, 8.96329, 1.34066)
(1.45558, 9.34634, 2.03015)
(1.91523, 8.61855, 1.53219)
(1.6471, 8.1589, 1.91523)
(1.68541, 8.77177, 2.18337)
(2.60472, 9.38465, 3.56234)
(6.58841, 10.5721, 4.48165)
(6.74162, 8.1589, 4.32843)
(2.98777, 6.93315, 3.44742)
(2.75794, 7.54602, 4.86469)
(2.60472, 7.62263, 6.66501)
(3.37081, 6.66501, 5.20944)
(3.63894, 6.85654, 5.40096)
(3.52403, 7.16298, 5.43926)
(3.60064, 6.77993, 5.17113)
(3.86877, 6.62671, 5.55418)
(3.79216, 7.04806, 5.51587)
(3.2559, 7.20128, 5.43926)
(3.06437, 7.12467, 5.63079)
(3.98369, 7.08637, 5.51587)
(3.79216, 6.85654, 4.59656)
(5.17113, 6.97145, 3.21759)
(5.78401, 7.00976, 2.22167)
(6.01384, 6.47349, 2.91116)
(6.12875, 6.62671, 2.10676)
(5.93723, 7.04806, 0.497961)
(5.51587, 7.62263, -0.65118)
(5.63079, 7.08637, 0.0383047)
(7.85246, 6.47349, 0.804398)
(8.35042, 6.5118, 0.536266)
(8.27381, 9.57617, 1.76202)
(30.8353, 17.5818, -8.58025)
(29.916, 15.8581, -5.51587)
(-6.5501, -2.68133, 3.21759)
(0.0, -6.5118, 3.10268)
(-0.0766094, 14.4409, -2.14506)
(15.8198, 5.13283, -9.19312)
(17.7351, -1.07253, -0.229828)
(10.189, 0.727789, 0.344742)
(9.92091, 1.87693, -1.34066)
(13.7897, 2.87285, -0.268133)
(35.4701, 2.71963, -2.03015)
(22.1018, 13.4449, -4.55826)
(-12.3341, 15.7815, -6.5501)
(-8.12059, -3.37081, 2.52811)
(1.03423, -8.69516, 3.83047)
(-4.29012, 14.0195, -2.10676)
(7.77585, 0.497961, 0.153219)
(37.5003, 17.9266, -8.23551)
(13.5982, 1.03423, 3.2559)
(5.09452, 4.48165, -0.0383047)
(8.96329, 6.97145, 0.153219)
(14.709, 5.13283, 2.29828)
(20.8377, 6.12875, 4.36673)
(25.5109, 8.23551, 4.78809)
(-6.97145, 19.229, -6.24366)
(-10.687, -2.91116, 0.191523)
(3.75386, -9.26973, 3.71555)
(1.49388, -8.50364, 3.02607)
(1.41727, -7.20128, 1.99184)
(2.41319, -7.73755, 1.80032)
(4.25182, -5.59248, 1.76202)
(6.93315, -5.20944, 2.29828)
(10.5721, -4.71148, 2.83455)
(11.7212, -2.18337, 3.10268)
(11.6446, -0.0766094, 1.95354)
(10.2657, 0.497961, 2.33659)
(9.95922, 0.804398, 1.76202)
(9.15482, 1.18745, 0.65118)
(9.30804, 1.80032, 0.919312)
(9.03991, 2.25998, 1.53219)
(9.49956, 2.4898, 2.03015)
(8.54194, 2.22167, 1.30236)
(8.88668, 2.75794, 1.07253)
(8.96329, 2.79624, 0.995922)
(8.73347, 2.79624, 1.22575)
(8.73347, 3.06437, 1.30236)
(8.54194, 3.02607, 0.804398)
(8.73347, 3.21759, 2.14506)
(8.77177, 3.21759, 1.91523)
(8.27381, 3.94538, 2.03015)
(8.08229, 3.67725, 2.68133)
(7.89076, 4.40504, 2.98777)
(8.04398, 3.71555, 3.48573)
(8.1589, 3.2559, 3.67725)
(7.92907, 3.63894, 2.98777)
(8.00568, 3.79216, 3.14098)
(8.54194, 4.48165, 3.14098)
(8.31211, 5.86062, 2.71963)
(7.58433, 5.78401, 2.06845)
(7.81416, 5.86062, 2.10676)
(7.00976, 5.40096, 1.95354)
(7.00976, 4.97961, 1.83862)
(7.27789, 5.51587, 1.91523)
(7.23959, 5.05622, 1.91523)
(7.20128, 5.20944, 1.6471)
(6.20536, 5.20944, 1.41727)
(6.12875, 5.86062, 2.03015)
(6.58841, 6.09044, 2.41319)
(6.5501, 5.59248, 1.99184)
(7.77585, 6.24366, 1.83862)
(7.46941, 6.97145, 1.68541)
(6.24366, 6.05214, 1.37897)
(6.89484, 7.27789, 1.11084)
(6.89484, 6.12875, 0.727789)
(6.89484, 5.32435, 0.766094)
(7.23959, 5.01791, 0.459656)
(7.04806, 5.36266, 0.114914)
(7.27789, 7.12467, 2.79624)
(6.5118, 5.09452, 2.83455)
(6.66501, 5.86062, 1.95354)
(6.01384, 4.9413, 1.18745)
(6.01384, 4.74978, 0.766094)
(7.92907, 5.63079, 0.766094)
(7.85246, 4.86469, 0.191523)
(8.31211, 4.86469, 0.421352)
(9.07821, 3.63894, 3.02607)
(9.26973, 4.48165, 3.60064)
(8.54194, 2.33659, 3.10268)
(8.12059, 0.306437, 3.02607)
(8.1589, 1.22575, 4.51995)
(8.69516, 1.37897, 3.48573)
(8.69516, 2.60472, 3.52403)
(7.46941, 3.63894, 3.40912)
(9.15482, 4.51995, 3.40912)
(8.04398, 6.24366, 4.02199)
(6.97145, 7.46941, 1.80032)
(5.09452, 6.32027, 1.34066)
(5.13283, 5.01791, 2.18337)
(4.63487, 5.43926, 2.22167)
(6.5501, 7.16298, 2.18337)
(8.35042, 7.81416, 4.36673)
(7.85246, 3.17929, 4.9413)
(6.35858, 2.68133, 5.47757)
(7.3928, 3.83047, 4.25182)
(7.27789, 3.02607, 4.21351)
(7.69924, 2.4515, 5.05622)
(7.81416, 2.64302, 4.32843)
(8.12059, 2.56641, 4.02199)
(8.08229, 2.52811, 4.17521)
(8.08229, 2.41319, 3.83047)
(8.1972, 2.4898, 4.0603)
(8.88668, 2.41319, 4.67317)
(8.27381, 2.29828, 4.40504)
(8.1972, 1.53219, 3.2559)
(7.58433, 1.26405, 3.14098)
(9.42295, 0.459656, 3.98369)
(38.343, -0.919312, 16.6242)
(20.8761, 12.2575, 0.842703)
(20.3015, 13.5982, -5.13283)
(-5.55418, -6.77993, 2.29828)
(-5.24774, -4.29012, 2.22167)
(-9.15482, 18.9991, -4.0986)
(35.3169, 10.9551, 5.32435)
(23.0211, -5.05622, 3.52403)
(9.0016, 0.0766094, 0.766094)
(7.43111, 2.4898, 0.114914)
(11.2999, 1.99184, 1.22575)
(11.6063, 0.842703, 0.919312)
(27.9624, 6.28197, -3.10268)
(-9.15482, 20.0333, -2.22167)
(-9.19312, -5.97553, 3.60064)
(1.37897, -11.1084, 2.14506)
(-1.41727, -3.90708, 1.57049)
(-7.92907, 13.4832, -0.995922)
(-7.73755, 14.9771, -5.01791)
(26.277, -1.72371, 1.41727)
(8.35042, 2.64302, 0.459656)
(7.31619, 3.86877, -0.383047)
(9.49956, 2.18337, 0.995922)
(12.7172, 0.57457, 1.37897)
(20.6845, 0.268133, 0.0)
(21.4123, 6.05214, 0.0383047)
(-10.5338, 13.1768, -3.98369)
(-5.7457, -3.14098, 2.71963)
(3.90708, -10.3423, 2.37489)
(4.25182, -9.42295, 2.4515)
(1.87693, -9.72939, 1.99184)
(1.80032, -9.72939, 2.4515)
(2.52811, -9.46126, 2.4898)
(2.33659, -8.65686, 3.02607)
(2.29828, -9.49956, 3.79216)
(1.91523, -9.53786, 3.52403)
(1.99184, -8.1589, 4.67317)
(-1.14914, -8.50364, 4.9413)
(-2.75794, -8.42703, 4.55826)
(-4.13691, -7.54602, 4.0986)
(-2.60472, -7.92907, 4.40504)
(-2.29828, -8.46534, 3.63894)
(-2.18337, -8.42703, 3.37081)
(-0.153219, -8.81008, 3.10268)
(-0.0766094, -9.65278, 2.25998)
(1.03423, -9.806, 1.91523)
(0.995922, -9.53786, 2.64302)
(1.18745, -9.49956, 2.79624)
(1.6471, -9.23143, 2.75794)
(1.6088, -8.58025, 2.52811)
(3.75386, -8.46534, 2.37489)
(4.48165, -8.42703, 1.95354)
(4.67317, -8.31211, 2.14506)
(4.9413, -8.31211, 2.06845)
(4.97961, -7.85246, 1.72371)
(5.7074, -7.69924, 1.95354)
(6.09044, -7.27789, 2.14506)
(6.05214, -6.85654, 1.87693)
(6.58841, -6.77993, 1.87693)
(7.43111, -6.5118, 2.06845)
(7.23959, -6.39688, 2.06845)
(7.3545, -5.86062, 1.6088)
(7.3928, -6.09044, 1.49388)
(7.85246, -4.97961, 1.49388)
(7.92907, -5.32435, 1.80032)
(8.04398, -4.21351, 1.95354)
(8.65686, -4.29012, 2.37489)
(8.08229, -3.75386, 2.60472)
(8.42703, -3.67725, 1.99184)
(8.31211, -3.40912, 1.91523)
(8.50364, -3.10268, 2.18337)
(9.0016, -3.33251, 1.6471)
(8.92499, -2.25998, 1.80032)
(9.11651, -2.75794, 2.10676)
(9.15482, -1.68541, 2.14506)
(8.69516, -1.87693, 2.25998)
(9.34634, -1.6088, 2.22167)
(9.61448, -1.14914, 2.06845)
(9.806, -2.06845, 2.60472)
(9.76769, -1.11084, 2.29828)
(9.03991, -2.14506, 2.4515)
(9.0016, -2.06845, 2.33659)
(9.38465, -2.83455, 2.18337)
(8.84838, -3.86877, 2.52811)
(8.08229, -3.60064, 2.56641)
(7.46941, -4.44334, 2.37489)
(7.46941, -4.40504, 2.4515)
(7.73755, -4.97961, 2.37489)
(7.73755, -4.9413, 2.41319)
(7.54602, -5.59248, 1.68541)
(7.58433, -5.47757, 2.41319)
(7.20128, -5.97553, 2.29828)
(6.58841, -6.09044, 2.60472)
(6.70332, -6.43519, 2.22167)
(6.39688, -6.58841, 2.56641)
(6.66501, -7.12467, 2.60472)
(5.97553, -7.23959, 3.02607)
(5.51587, -7.27789, 2.87285)
(5.01791, -7.31619, 2.94946)
(4.82639, -7.77585, 2.91116)
(4.74978, -7.81416, 3.10268)
(4.67317, -8.08229, 3.44742)
(4.32843, -8.1972, 3.10268)
(3.79216, -8.42703, 3.02607)
(3.56234, -8.42703, 2.94946)
(3.48573, -8.54194, 2.83455)
(3.17929, -8.58025, 3.02607)
(3.10268, -8.61855, 3.14098)
(2.52811, -8.77177, 3.17929)
(2.37489, -9.07821, 2.94946)
(2.4898, -9.46126, 3.60064)
(2.52811, -9.0016, 3.14098)
(2.4515, -8.88668, 2.68133)
(1.11084, -9.38465, 2.56641)
(1.26405, -9.46126, 2.79624)
(1.26405, -9.53786, 2.68133)
(0.612875, -9.53786, 2.98777)
(0.57457, -9.30804, 2.87285)
(0.306437, -9.46126, 2.98777)
(0.114914, -9.57617, 2.75794)
(-0.0766094, -9.53786, 3.06437)
(-0.344742, -9.57617, 2.83455)
(-0.536266, -9.42295, 2.64302)
(-0.459656, -9.0016, 3.21759)
(-2.06845, -9.19312, 2.71963)
(-2.25998, -8.96329, 3.2942)
(-2.25998, -9.30804, 3.06437)
(-2.14506, -9.11651, 2.68133)
(-2.83455, -8.42703, 2.68133)
(-3.63894, -8.61855, 3.37081)
(-3.14098, -9.15482, 2.94946)
(-2.22167, -8.88668, 2.83455)
(-1.80032, -9.07821, 2.87285)
(-1.83862, -9.46126, 2.06845)
(-0.919312, -9.15482, 2.29828)
(-0.612875, -9.65278, 2.29828)
(0.153219, -9.61448, 2.37489)
(0.0383047, -9.38465, 2.18337)
(0.383047, -9.61448, 3.02607)
(0.766094, -9.26973, 2.60472)
(0.766094, -9.42295, 2.87285)
(1.37897, -8.69516, 2.4515)
(1.34066, -9.30804, 2.56641)
(3.56234, -8.58025, 3.44742)
(3.56234, -9.11651, 2.87285)
(3.67725, -8.69516, 2.14506)
(4.0603, -7.89076, 2.33659)
(4.29012, -8.35042, 2.87285)
(5.13283, -8.23551, 2.91116)
(5.51587, -7.46941, 3.06437)
(5.28605, -7.54602, 2.64302)
(5.89892, -7.16298, 2.56641)
(6.16705, -6.89484, 2.79624)
(6.39688, -6.5118, 3.37081)
(6.24366, -6.32027, 2.33659)
(6.43519, -5.78401, 3.56234)
(7.08637, -5.36266, 3.2559)
(7.50772, -5.24774, 3.37081)
(7.54602, -4.97961, 3.60064)
(7.31619, -4.903, 3.75386)
(7.89076, -4.51995, 3.67725)
(7.85246, -3.90708, 3.86877)
(7.81416, -3.67725, 4.0986)
(7.96737, -3.67725, 4.29012)
(7.69924, -3.10268, 3.37081)
(8.31211, -3.37081, 3.86877)
(8.31211, -2.75794, 4.17521)
(8.31211, -2.64302, 4.13691)
(8.35042, -2.25998, 3.90708)
(8.38873, -2.14506, 4.48165)
(8.38873, -2.10676, 4.32843)
(8.04398, -2.10676, 4.48165)
(8.08229, -1.91523, 4.63487)
(8.42703, -2.14506, 5.20944)
(7.92907, -2.18337, 5.01791)
(7.92907, -2.33659, 4.97961)
(7.69924, -2.41319, 5.51587)
(7.58433, -2.64302, 5.13283)
(7.62263, -2.75794, 5.09452)
(7.62263, -3.10268, 5.01791)
(7.50772, -3.75386, 4.59656)
(7.43111, -4.02199, 4.78809)
(7.43111, -4.44334, 4.48165)
(7.46941, -4.86469, 4.02199)
(6.81823, -5.05622, 3.98369)
(6.09044, -5.86062, 3.94538)
(5.59248, -6.24366, 3.75386)
(5.7074, -6.66501, 4.13691)
(4.71148, -6.58841, 4.13691)
(4.78809, -7.3928, 3.75386)
(5.09452, -8.1972, 3.56234)
(4.40504, -7.69924, 3.10268)
(4.02199, -8.1972, 2.87285)
(4.0603, -7.77585, 3.33251)
(3.40912, -8.1589, 3.02607)
(3.2559, -8.65686, 4.13691)
(3.71555, -8.92499, 4.0986)
(3.44742, -8.1972, 3.52403)
(2.91116, -8.69516, 2.41319)
(2.22167, -8.65686, 3.71555)
(1.80032, -8.61855, 4.67317)
(1.57049, -9.03991, 3.98369)
(0.766094, -9.0016, 3.44742)
(0.191523, -9.0016, 3.83047)
(0.0766094, -9.0016, 3.90708)
(-0.344742, -9.03991, 4.0603)
(-0.727789, -8.96329, 3.94538)
(-0.536266, -8.61855, 4.0603)
(-1.03423, -9.15482, 3.63894)
(-1.34066, -9.11651, 3.14098)
(-1.37897, -9.11651, 2.87285)
(-2.71963, -9.07821, 3.40912)
(-3.60064, -8.35042, 3.90708)
(-4.29012, -8.08229, 3.67725)
(-3.98369, -8.08229, 2.91116)
(-2.68133, -8.38873, 2.75794)
(-2.4898, -8.73347, 3.67725)
(-2.37489, -9.23143, 3.86877)
(0.153219, -8.84838, 3.06437)
(0.727789, -9.19312, 2.83455)
(0.57457, -9.46126, 2.79624)
(0.995922, -9.19312, 2.60472)
(0.919312, -9.42295, 2.4898)
(1.80032, -9.15482, 2.75794)
(1.95354, -9.26973, 2.91116)
(2.29828, -8.88668, 2.94946)
(2.4515, -9.38465, 2.64302)
(2.29828, -8.77177, 3.14098)
(3.56234, -9.11651, 2.68133)
(3.2942, -8.27381, 2.4898)
(4.21351, -8.27381, 2.56641)
(4.25182, -7.69924, 2.68133)
(5.09452, -7.62263, 3.17929)
(5.24774, -6.77993, 3.2942)
(6.47349, -6.58841, 2.4898)
(6.32027, -6.85654, 2.98777)
(7.08637, -5.43926, 3.63894)
(7.12467, -5.51587, 2.56641)
(7.3545, -5.28605, 3.33251)
(7.43111, -4.9413, 3.2559)
(7.81416, -4.51995, 4.0603)
(7.43111, -4.63487, 2.98777)
(7.27789, -3.83047, 3.56234)
(8.1972, -3.94538, 3.33251)
(7.89076, -3.56234, 3.75386)
(8.08229, -3.40912, 4.13691)
(7.89076, -3.06437, 3.79216)
(7.81416, -2.68133, 4.13691)
(8.04398, -2.4515, 4.0986)
(8.38873, -2.56641, 4.32843)
(8.27381, -2.03015, 4.21351)
(8.23551, -1.6471, 4.13691)
(8.65686, -1.37897, 4.29012)
(8.65686, -1.6471, 4.40504)
(8.77177, -1.26405, 4.44334)
(9.49956, -1.72371, 5.05622)
(9.46126, -1.72371, 4.44334)
(8.88668, -2.29828, 3.90708)
(8.00568, -3.33251, 3.56234)
(7.85246, -4.44334, 2.64302)
(7.50772, -4.86469, 2.71963)
(6.89484, -5.28605, 3.10268)
(6.09044, -6.09044, 3.14098)
(5.97553, -6.5118, 3.2942)
(5.55418, -6.93315, 3.17929)
(5.47757, -7.23959, 3.48573)
(5.13283, -7.66094, 2.91116)
(5.05622, -7.81416, 3.06437)
(4.13691, -7.96737, 2.64302)
(4.02199, -8.1972, 2.79624)
(3.83047, -8.1972, 3.37081)
(3.44742, -8.38873, 2.94946)
(3.40912, -8.54194, 3.21759)
(3.37081, -8.88668, 3.2559)
(3.02607, -8.77177, 2.98777)
(2.29828, -9.30804, 2.64302)
(2.37489, -9.03991, 2.94946)
(1.95354, -8.96329, 3.14098)
(1.26405, -9.26973, 2.83455)
(1.34066, -9.46126, 3.06437)
(0.995922, -9.34634, 2.79624)
(0.344742, -9.19312, 3.2942)
(0.153219, -9.30804, 2.71963)
(0.153219, -9.19312, 3.10268)
(-0.536266, -9.03991, 3.17929)
(-1.14914, -9.15482, 3.33251)
(-1.57049, -9.07821, 3.33251)
(-0.995922, -9.26973, 3.2559)
(-0.497961, -9.23143, 2.71963)
(-2.06845, -9.23143, 3.79216)
(-2.18337, -8.81008, 4.21351)
(-2.33659, -8.58025, 3.33251)
(-1.07253, -8.81008, 2.68133)
(-0.344742, -9.11651, 2.41319)
(0.383047, -9.61448, 2.64302)
(0.804398, -9.65278, 2.4515)
(1.14914, -9.34634, 2.98777)
(0.957617, -9.07821, 2.60472)
(1.87693, -9.30804, 2.56641)
(1.95354, -9.23143, 2.41319)
(2.18337, -9.11651, 2.75794)
(2.75794, -8.92499, 2.37489)
(3.48573, -8.77177, 2.56641)
(4.21351, -8.38873, 2.4898)
(4.55826, -8.31211, 2.29828)
(4.97961, -8.27381, 2.37489)
(4.9413, -7.89076, 2.33659)
(5.17113, -7.69924, 2.37489)
(5.66909, -7.62263, 2.83455)
(5.97553, -7.3928, 2.37489)
(6.20536, -7.16298, 1.91523)
(6.20536, -7.12467, 2.10676)
(6.24366, -6.74162, 2.37489)
(7.12467, -6.74162, 2.10676)
(7.27789, -6.35858, 2.06845)
(6.93315, -6.09044, 2.18337)
(6.85654, -6.12875, 2.18337)
(7.23959, -5.7074, 2.22167)
(7.20128, -5.43926, 2.68133)
(7.50772, -5.32435, 2.87285)
(7.77585, -4.9413, 3.33251)
(7.73755, -4.59656, 2.94946)
(7.73755, -4.36673, 3.21759)
(7.96737, -4.21351, 3.52403)
(7.77585, -3.75386, 3.52403)
(8.08229, -3.56234, 3.48573)
(8.23551, -3.60064, 3.56234)
(8.08229, -3.44742, 3.10268)
(8.35042, -3.21759, 3.94538)
(8.61855, -2.87285, 4.40504)
(9.34634, -2.79624, 4.59656)
(9.03991, -3.14098, 4.40504)
(8.58025, -3.52403, 4.13691)
(7.96737, -4.0986, 4.02199)
(7.12467, -4.78809, 3.60064)
(7.46941, -5.20944, 3.63894)
(6.62671, -6.09044, 3.79216)
(6.58841, -5.86062, 3.56234)
(5.97553, -6.62671, 3.90708)
(5.93723, -7.50772, 3.71555)
(4.48165, -7.62263, 4.02199)
(4.0603, -7.73755, 3.75386)
(3.06437, -7.96737, 3.71555)
(2.91116, -8.1972, 3.71555)
(2.91116, -8.58025, 3.83047)
(2.14506, -8.54194, 3.83047)
(2.22167, -9.15482, 3.63894)
(1.57049, -8.96329, 3.67725)
(1.49388, -9.0016, 3.2559)
(2.03015, -9.46126, 3.40912)
(1.68541, -9.03991, 3.14098)
(1.30236, -9.19312, 2.98777)
(1.34066, -9.11651, 3.21759)
(0.957617, -9.30804, 3.2942)
(0.65118, -9.11651, 3.79216)
(0.191523, -9.11651, 3.2559)
(0.306437, -9.15482, 3.21759)
(0.268133, -9.53786, 3.02607)
(0.229828, -9.49956, 3.10268)
(0.0383047, -9.19312, 2.87285)
(-0.612875, -9.49956, 2.79624)
(-1.18745, -9.19312, 3.02607)
(-0.919312, -9.30804, 3.14098)
(-1.22575, -8.84838, 3.14098)
(-1.14914, -9.23143, 3.44742)
(-1.45558, -9.38465, 3.44742)
(-1.49388, -8.88668, 3.71555)
(-0.957617, -8.96329, 3.52403)
(-0.191523, -9.07821, 3.02607)
(0.268133, -9.34634, 3.33251)
(0.536266, -9.19312, 3.79216)
(0.459656, -9.15482, 3.44742)
(0.842703, -9.38465, 2.94946)
(0.766094, -8.84838, 2.91116)
(1.87693, -9.23143, 2.94946)
(2.41319, -8.88668, 3.33251)
(2.79624, -8.81008, 3.67725)
(3.21759, -8.61855, 3.33251)
(3.17929, -8.65686, 3.33251)
(3.44742, -8.1972, 2.91116)
(3.90708, -8.23551, 3.10268)
(4.21351, -7.69924, 3.2559)
(5.01791, -7.46941, 3.17929)
(5.63079, -7.20128, 3.06437)
(5.97553, -6.74162, 3.67725)
(6.24366, -6.62671, 3.71555)
(6.20536, -6.20536, 3.2559)
(7.12467, -6.20536, 3.67725)
(7.20128, -5.13283, 3.48573)
(7.27789, -4.97961, 3.98369)
(7.31619, -4.74978, 3.90708)
(7.43111, -4.71148, 3.40912)
(7.50772, -4.0986, 3.71555)
(7.73755, -3.60064, 3.98369)
(8.27381, -3.90708, 4.13691)
(7.92907, -2.91116, 4.36673)
(7.92907, -2.60472, 4.32843)
(8.35042, -2.41319, 4.82639)
(8.84838, -2.14506, 5.13283)
(8.46534, -1.99184, 4.71148)
(8.31211, -2.41319, 5.20944)
(8.42703, -2.52811, 5.36266)
(8.23551, -2.60472, 4.55826)
(7.85246, -3.63894, 4.44334)
(7.77585, -4.0603, 4.903)
(6.09044, -4.9413, 4.97961)
(5.82231, -5.09452, 4.67317)
(5.63079, -6.20536, 4.36673)
(5.36266, -6.62671, 4.32843)
(4.97961, -6.74162, 4.0986)
(4.32843, -7.81416, 4.67317)
(4.17521, -7.77585, 4.51995)
(2.18337, -7.62263, 3.40912)
(2.22167, -8.23551, 4.48165)
(3.79216, -8.54194, 4.59656)
(3.71555, -8.35042, 4.21351)
(2.37489, -8.73347, 4.0603)
(2.37489, -8.77177, 3.71555)
(1.45558, -8.84838, 3.90708)
(1.41727, -8.65686, 3.33251)
(0.0766094, -9.26973, 3.06437)
(-0.536266, -9.15482, 3.83047)
(-0.536266, -9.26973, 3.71555)
(-0.804398, -9.26973, 3.37081)
(-0.612875, -9.0016, 3.33251)
(-1.68541, -9.15482, 3.40912)
(-1.87693, -9.07821, 3.10268)
(-2.4898, -8.58025, 3.86877)
(-2.68133, -8.73347, 3.40912)
(-2.56641, -8.81008, 3.06437)
(-2.71963, -8.58025, 2.98777)
(-2.98777, -8.65686, 3.94538)
(-3.37081, -8.58025, 4.0986)
(-3.02607, -8.50364, 3.60064)
(-2.56641, -8.73347, 3.37081)
(-1.6088, -8.92499, 3.75386)
(-1.11084, -9.07821, 3.48573)
(-0.727789, -8.88668, 2.94946)
(-0.0766094, -9.26973, 2.71963)
(0.268133, -9.30804, 2.71963)
(0.153219, -9.61448, 2.68133)
(1.91523, -9.07821, 3.02607)
(1.95354, -8.81008, 3.06437)
(2.4515, -9.11651, 2.83455)
(2.4898, -8.73347, 3.17929)
(3.60064, -8.69516, 2.83455)
(4.36673, -8.12059, 2.64302)
(4.903, -7.62263, 2.29828)
(4.9413, -7.85246, 2.56641)
(5.63079, -7.62263, 2.25998)
(5.78401, -7.31619, 1.99184)
(6.35858, -6.66501, 2.14506)
(7.04806, -6.35858, 2.18337)
(7.16298, -5.78401, 2.52811)
(7.27789, -5.40096, 2.06845)
(7.43111, -4.97961, 1.72371)
(7.92907, -4.67317, 2.14506)
(7.92907, -4.59656, 2.18337)
(8.42703, -4.17521, 1.14914)
(8.54194, -3.67725, 1.68541)
(8.46534, -3.71555, 1.80032)
(8.69516, -3.17929, 1.41727)
(8.77177, -2.87285, 1.68541)
(8.69516, -2.56641, 1.6471)
(9.07821, -2.14506, 1.72371)
(9.49956, -1.99184, 1.76202)
(9.19312, -1.68541, 2.41319)
(10.0358, -1.95354, 2.14506)
(9.72939, -1.72371, 1.99184)
(9.806, -2.03015, 1.99184)
(9.88261, -2.25998, 2.4515)
(8.65686, -2.87285, 1.76202)
(8.81008, -4.02199, 1.49388)
(8.1589, -4.32843, 1.87693)
(7.81416, -4.9413, 2.29828)
(7.00976, -5.43926, 2.03015)
(7.04806, -6.20536, 1.68541)
(6.93315, -6.12875, 1.87693)
(6.24366, -6.85654, 2.71963)
(5.7074, -6.89484, 2.83455)
(5.7074, -7.54602, 2.68133)
(4.74978, -8.08229, 2.41319)
(4.59656, -8.27381, 2.52811)
(3.75386, -8.38873, 2.60472)
(2.98777, -8.69516, 2.37489)
(2.83455, -8.96329, 2.68133)
(2.41319, -8.88668, 2.52811)
(1.83862, -9.19312, 2.64302)
(1.14914, -9.38465, 2.37489)
(0.612875, -9.26973, 2.60472)
(0.459656, -9.30804, 2.52811)
(-0.0766094, -9.49956, 2.4515)
(-0.57457, -9.42295, 2.33659)
(-1.03423, -9.61448, 1.6471)
(-1.14914, -9.49956, 2.29828)
(-1.18745, -9.11651, 2.33659)
(-1.6088, -9.26973, 2.56641)
(-1.80032, -9.30804, 2.10676)
(-1.68541, -9.26973, 2.79624)
(-1.72371, -9.30804, 2.71963)
(-2.41319, -9.0016, 2.98777)
(-3.17929, -8.96329, 2.75794)
(-3.21759, -8.77177, 3.06437)
(-2.60472, -8.96329, 2.75794)
(-2.4515, -9.07821, 2.52811)
(-0.842703, -9.30804, 2.29828)
(-0.766094, -9.19312, 2.60472)
(0.0383047, -9.49956, 2.06845)
(0.0, -9.49956, 2.14506)
(1.18745, -9.72939, 2.06845)
(1.6088, -9.38465, 2.25998)
(1.72371, -9.30804, 2.60472)
(2.25998, -9.15482, 2.56641)
(2.4898, -9.0016, 2.29828)
(2.64302, -8.77177, 2.37489)
(3.44742, -8.54194, 2.33659)
(4.02199, -8.54194, 2.14506)
(4.71148, -8.38873, 2.22167)
(4.82639, -7.92907, 2.06845)
(5.66909, -7.46941, 1.83862)
(5.36266, -6.97145, 1.87693)
(6.66501, -6.74162, 1.53219)
(7.08637, -6.58841, 1.49388)
(7.08637, -5.63079, 1.53219)
(7.85246, -5.40096, 1.03423)
(7.62263, -4.55826, 1.11084)
(8.31211, -4.21351, 1.45558)
(8.50364, -3.83047, 1.91523)
(9.07821, -3.17929, 2.22167)
(8.92499, -2.83455, 2.22167)
(8.42703, -2.52811, 2.10676)
(8.88668, -2.37489, 1.99184)
(9.42295, -2.10676, 2.4515)
(9.72939, -2.10676, 2.22167)
(9.806, -1.87693, 2.52811)
(9.76769, -1.99184, 2.33659)
(9.42295, -2.33659, 2.29828)
(8.69516, -3.14098, 2.37489)
(8.50364, -3.52403, 2.06845)
(8.54194, -4.59656, 1.45558)
(8.61855, -4.78809, 1.68541)
(8.42703, -5.17113, 2.33659)
(7.00976, -5.93723, 2.41319)
(6.01384, -6.70332, 2.83455)
(5.66909, -6.89484, 2.75794)
(5.36266, -7.62263, 2.71963)
(4.71148, -8.04398, 2.4898)
(4.32843, -8.23551, 2.64302)
(4.25182, -8.61855, 2.33659)
(2.75794, -8.69516, 2.22167)
(2.14506, -9.07821, 2.75794)
(1.83862, -9.19312, 2.94946)
(1.49388, -9.34634, 2.79624)
(1.07253, -9.0016, 2.4898)
(0.804398, -9.46126, 2.83455)
(0.881008, -9.34634, 2.71963)
(0.0766094, -9.46126, 2.94946)
(0.0766094, -9.34634, 2.79624)
(-0.383047, -9.26973, 2.83455)
(-0.727789, -9.34634, 2.91116)
(-0.383047, -9.15482, 3.2559)
(-0.229828, -9.57617, 2.91116)
(-0.536266, -9.26973, 2.83455)
(-0.497961, -9.11651, 3.2942)
(-1.37897, -8.88668, 3.56234)
(-1.30236, -9.03991, 3.21759)
(-1.95354, -8.88668, 3.44742)
(-1.99184, -8.84838, 3.48573)
(-1.26405, -9.11651, 3.10268)
(-0.612875, -8.84838, 3.17929)
(0.421352, -9.46126, 2.60472)
(0.881008, -9.19312, 3.2942)
(0.957617, -9.57617, 2.56641)
(1.11084, -9.42295, 2.56641)
(1.87693, -9.38465, 2.03015)
(2.18337, -9.23143, 2.41319)
(2.52811, -9.07821, 2.4515)
(2.56641, -8.77177, 2.41319)
(3.33251, -8.61855, 2.18337)
(3.90708, -8.46534, 2.14506)
(4.48165, -8.1972, 1.68541)
(4.82639, -7.66094, 1.68541)
(6.16705, -7.08637, 2.22167)
(6.24366, -6.09044, 2.06845)
(6.28197, -6.01384, 1.83862)
(8.12059, -5.43926, 2.06845)
(8.1589, -4.903, 2.18337)
(8.31211, -4.32843, 1.49388)
(8.50364, -4.21351, 1.95354)
(8.31211, -3.86877, 1.95354)
(8.1972, -3.21759, 2.4898)
(8.73347, -2.71963, 2.83455)
(8.50364, -2.10676, 3.37081)
(8.84838, -1.99184, 3.21759)
(8.73347, -1.34066, 2.94946)
(8.81008, -1.41727, 3.2942)
(8.88668, -1.14914, 2.94946)
(9.49956, -1.18745, 3.14098)
(9.88261, -1.11084, 3.37081)
(9.72939, -1.26405, 3.14098)
(9.11651, -1.49388, 2.71963)
(8.88668, -2.22167, 2.75794)
(8.61855, -2.98777, 2.87285)
(8.38873, -3.21759, 2.60472)
(8.08229, -4.17521, 2.06845)
(8.00568, -4.44334, 2.29828)
(7.66094, -4.9413, 2.22167)
(7.46941, -5.51587, 2.33659)
(7.27789, -5.40096, 2.41319)
(6.89484, -6.20536, 2.14506)
(6.20536, -6.66501, 1.6088)
(6.47349, -7.00976, 2.10676)
(6.24366, -7.3928, 2.06845)
(5.59248, -7.43111, 2.33659)
(4.86469, -7.77585, 2.64302)
(4.59656, -8.46534, 1.53219)
(4.48165, -8.61855, 1.99184)
(3.40912, -8.46534, 1.87693)
(3.44742, -8.96329, 1.99184)
(3.40912, -9.11651, 2.4515)
(2.4515, -8.81008, 2.94946)
(2.06845, -9.38465, 2.4515)
(1.30236, -9.19312, 2.64302)
(1.18745, -9.34634, 2.91116)
(0.612875, -9.38465, 2.41319)
(0.421352, -9.38465, 2.79624)
(-0.0766094, -9.42295, 2.64302)
(-0.612875, -9.19312, 3.10268)
(-1.37897, -9.19312, 3.02607)
(-1.6471, -9.0016, 3.10268)
(-1.99184, -8.88668, 3.17929)
(-1.95354, -9.03991, 3.17929)
(-2.14506, -9.11651, 3.56234)
(-2.91116, -8.69516, 2.98777)
(-3.83047, -8.42703, 2.25998)
(-3.37081, -8.42703, 2.68133)
(-3.2942, -8.77177, 3.40912)
(-1.76202, -9.03991, 3.17929)
(-1.14914, -9.11651, 2.87285)
(-0.689484, -8.96329, 2.25998)
(-0.0766094, -8.88668, 2.29828)
(-0.0383047, -9.07821, 3.2942)
(2.98777, -8.84838, 2.94946)
(3.67725, -8.65686, 2.60472)
(4.59656, -8.58025, 2.60472)
(4.55826, -8.1972, 2.37489)
(4.9413, -8.00568, 2.18337)
(4.97961, -7.62263, 2.25998)
(5.59248, -7.16298, 2.52811)
(5.40096, -6.85654, 2.18337)
(6.74162, -6.70332, 2.06845)
(7.08637, -6.43519, 1.76202)
(7.20128, -5.7074, 2.18337)
(7.3928, -5.32435, 2.22167)
(7.62263, -4.97961, 2.4898)
(8.27381, -4.29012, 2.52811)
(8.46534, -3.90708, 2.33659)
(8.50364, -3.60064, 2.4898)
(8.65686, -2.75794, 2.60472)
(8.58025, -2.68133, 3.06437)
(8.88668, -2.41319, 2.68133)
(8.96329, -2.10676, 2.37489)
(8.84838, -1.6471, 2.79624)
(8.77177, -1.53219, 3.02607)
(9.11651, -1.37897, 3.21759)
(8.96329, -1.26405, 3.52403)
(9.69109, -1.26405, 2.71963)
(9.76769, -1.53219, 3.02607)
(10.1507, -1.99184, 2.75794)
(9.23143, -2.83455, 2.18337)
(8.31211, -3.63894, 2.4515)
(7.73755, -4.0986, 2.87285)
(7.66094, -4.48165, 1.95354)
(7.46941, -5.78401, 2.14506)
(7.16298, -6.16705, 2.33659)
(6.28197, -6.39688, 2.56641)
(5.7457, -7.27789, 2.37489)
(5.13283, -7.62263, 2.4898)
(4.48165, -8.00568, 2.91116)
(4.36673, -8.12059, 2.60472)
(3.02607, -8.46534, 2.41319)
(3.14098, -9.0016, 2.83455)
(2.56641, -8.92499, 2.75794)
(2.56641, -9.19312, 2.22167)
(1.11084, -9.15482, 2.4898)
(0.229828, -9.19312, 2.56641)
(-0.191523, -9.34634, 2.37489)
(-0.57457, -9.38465, 2.37489)
(-1.57049, -9.19312, 2.83455)
(-1.95354, -9.42295, 2.94946)
(-2.29828, -8.96329, 2.71963)
(-2.33659, -8.96329, 2.79624)
(-2.75794, -9.03991, 2.64302)
(-2.79624, -8.61855, 2.56641)
(-2.91116, -8.92499, 2.68133)
(-2.91116, -8.77177, 2.60472)
(-1.83862, -9.0016, 2.83455)
(-0.804398, -8.81008, 2.83455)
(0.612875, -9.0016, 3.40912)
(1.11084, -8.81008, 3.48573)
(1.76202, -8.65686, 3.37081)
(2.29828, -8.1972, 3.48573)
(2.25998, -8.08229, 3.52403)
(4.903, -7.96737, 3.2942)
(5.66909, -7.04806, 3.2942)
(6.32027, -6.66501, 2.87285)
(6.62671, -6.20536, 3.2942)
(7.04806, -5.63079, 3.2559)
(7.46941, -5.09452, 3.71555)
(7.43111, -4.59656, 3.86877)
(7.69924, -4.02199, 3.94538)
(8.00568, -3.60064, 4.51995)
(8.46534, -3.2559, 3.98369)
(8.31211, -2.56641, 3.98369)
(8.61855, -2.91116, 4.17521)
(8.50364, -2.33659, 3.94538)
(8.50364, -1.99184, 4.40504)
(8.42703, -1.68541, 4.29012)
(8.50364, -1.57049, 4.44334)
(9.38465, -1.80032, 4.44334)
(9.49956, -1.91523, 4.17521)
(8.50364, -2.18337, 4.44334)
(8.35042, -2.98777, 3.71555)
(7.58433, -3.83047, 3.98369)
(7.54602, -4.32843, 4.0986)
(7.81416, -4.903, 3.98369)
(7.3928, -5.47757, 3.37081)
(6.43519, -6.01384, 3.21759)
(5.09452, -6.35858, 3.67725)
(4.78809, -7.04806, 3.86877)
(5.09452, -7.20128, 3.71555)
(4.25182, -7.54602, 3.40912)
(3.71555, -7.85246, 3.71555)
(2.83455, -8.23551, 3.75386)
(3.02607, -8.27381, 3.71555)
(2.64302, -8.69516, 3.56234)
(1.87693, -8.58025, 3.44742)
(1.34066, -9.23143, 3.21759)
(0.57457, -8.54194, 3.90708)
(0.497961, -8.81008, 3.90708)
(-0.383047, -9.30804, 4.13691)
(-0.497961, -8.84838, 3.79216)
(-0.995922, -8.92499, 3.79216)
(-1.57049, -8.42703, 3.98369)
(-1.53219, -9.19312, 3.79216)
(-0.919312, -9.03991, 3.63894)
(-0.957617, -7.77585, 3.21759)
(-4.0603, -2.52811, -0.421352)
(-2.64302, 4.0603, -2.29828)
(8.77177, 5.09452, 4.17521)
(28.3072, 4.67317, 9.23143)
(14.0961, 0.114914, 6.97145)
(9.46126, 2.29828, 3.98369)
(9.49956, 4.0986, 11.568)
(25.3194, 8.00568, 6.89484)
(2.79624, 8.88668, -4.17521)
(-9.8443, 2.22167, -4.17521)
(-5.63079, -6.5118, 1.83862)
(-0.0766094, -4.55826, 2.4515)
(-1.22575, 4.78809, -1.03423)
(3.17929, 0.383047, 0.0)
(40.4114, 13.8663, 0.881008)
(13.0236, -0.919312, 6.20536)
(9.65278, 2.4515, 2.75794)
(12.9087, 2.25998, 3.17929)
(22.6764, 0.65118, 4.63487)
(22.9828, 2.14506, 2.64302)
(-1.53219, 5.32435, -3.44742)
(-8.23551, -0.383047, -0.65118)
(-2.18337, -6.43519, 3.02607)
(1.30236, 4.21351, -3.02607)
(-0.57457, -0.497961, -0.191523)
(34.6274, 11.0701, 5.17113)
(36.9257, -3.86877, 7.04806)
(8.50364, 0.383047, 1.72371)
(8.31211, 1.87693, 1.80032)
(6.43519, 1.26405, 5.36266)
(6.16705, 0.727789, 7.27789)
(6.5501, 1.37897, 6.43519)
(6.24366, 1.57049, 5.86062)
(6.01384, 1.72371, 7.85246)
(5.09452, 1.41727, 7.58433)
(5.78401, 1.72371, 8.1589)
(5.63079, 1.83862, 6.89484)
(5.82231, 2.37489, 7.81416)
(5.59248, 1.68541, 6.85654)
(5.55418, 1.6471, 7.62263)
(5.7074, 1.76202, 7.3928)
(5.7074, 1.91523, 7.20128)
(5.7457, 2.10676, 7.20128)
(5.7074, 1.72371, 7.12467)
(5.63079, 2.14506, 7.85246)
(5.86062, 1.95354, 7.12467)
(5.78401, 1.83862, 7.16298)
(5.63079, 1.91523, 7.3545)
(5.55418, 2.10676, 7.43111)
(5.86062, 1.95354, 7.3545)
(5.89892, 1.91523, 7.3928)
(5.78401, 2.10676, 7.58433)
(5.66909, 2.25998, 7.20128)
(5.7457, 2.22167, 7.3928)
(5.55418, 1.99184, 7.20128)
(6.09044, 2.14506, 7.12467)
(6.16705, 2.03015, 6.62671)
(6.09044, 2.18337, 7.16298)
(5.93723, 2.14506, 6.70332)
(6.05214, 2.29828, 6.93315)
(5.97553, 2.22167, 7.16298)
(5.93723, 2.10676, 7.08637)
(5.97553, 2.14506, 6.77993)
(6.05214, 2.18337, 7.20128)
(5.93723, 2.29828, 7.3928)
(5.89892, 2.18337, 7.08637)
(5.78401, 2.18337, 7.23959)
(5.86062, 2.25998, 6.5501)
(5.86062, 2.18337, 7.23959)
(6.12875, 2.18337, 7.04806)
(5.7457, 2.14506, 7.12467)
(6.01384, 1.99184, 7.46941)
(5.82231, 2.10676, 7.12467)
(5.89892, 2.06845, 6.85654)
(5.86062, 2.18337, 7.27789)
(5.78401, 2.22167, 7.08637)
(5.66909, 2.14506, 7.04806)
(5.97553, 2.18337, 7.27789)
(5.78401, 2.22167, 7.31619)
(5.89892, 2.14506, 7.27789)
(5.78401, 2.03015, 7.3545)
(5.78401, 2.06845, 7.23959)
(6.05214, 2.03015, 7.08637)
(5.97553, 2.14506, 7.31619)
(5.7074, 2.22167, 7.00976)
(5.78401, 2.18337, 7.23959)
(5.89892, 2.10676, 7.43111)
(5.97553, 2.06845, 7.00976)
(5.93723, 2.10676, 7.16298)
(5.7457, 2.03015, 7.3545)
(5.86062, 2.18337, 7.16298)
(5.78401, 2.22167, 6.97145)
