(5.66909, -4.0986, 6.85654)
(5.20944, -4.21351, 6.89484)
(5.28605, -4.51995, 6.97145)
(5.20944, -4.51995, 6.5501)
(5.28605, -4.40504, 6.66501)
(5.47757, -4.17521, 6.89484)
(5.28605, -4.36673, 6.97145)
(5.28605, -4.44334, 6.70332)
(5.51587, -4.17521, 6.89484)
(5.40096, -4.29012, 6.89484)
(5.51587, -4.29012, 6.62671)
(5.51587, -4.29012, 7.00976)
(5.40096, -4.44334, 6.47349)
(4.51995, -4.48165, 7.04806)
(3.98369, -4.63487, 8.23551)
(3.67725, -3.71555, 7.12467)
(3.67725, -4.02199, 7.69924)
(3.83047, -3.86877, 8.61855)
(4.17521, -3.75386, 7.77585)
(4.13691, -4.0603, 7.54602)
(4.36673, -3.83047, 7.69924)
(4.36673, -3.94538, 7.96737)
(4.51995, -3.79216, 7.81416)
(4.48165, -3.83047, 7.89076)
(4.40504, -3.86877, 7.69924)
(4.55826, -3.79216, 7.69924)
(4.55826, -3.83047, 7.85246)
(4.97961, -3.75386, 7.69924)
(4.51995, -3.83047, 7.77585)
(4.67317, -3.75386, 7.81416)
(4.74978, -3.52403, 7.58433)
(5.13283, -3.52403, 7.69924)
(5.20944, -3.83047, 7.46941)
(4.97961, -3.79216, 7.58433)
(5.01791, -3.52403, 7.73755)
(5.24774, -3.79216, 7.23959)
(4.97961, -4.0603, 7.46941)
(5.09452, -3.83047, 7.69924)
(5.40096, -3.44742, 7.3928)
(4.97961, -3.71555, 7.3545)
(5.28605, -3.86877, 7.00976)
(5.32435, -3.94538, 7.46941)
(5.47757, -3.48573, 7.62263)
(5.43926, -3.56234, 7.50772)
(4.74978, -4.0603, 7.12467)
(4.71148, -3.98369, 7.00976)
(5.09452, -3.60064, 7.46941)
(4.86469, -4.48165, 7.54602)
(5.13283, -3.86877, 7.3928)
(5.17113, -3.67725, 7.20128)
(4.40504, -4.21351, 7.31619)
(4.48165, -4.36673, 7.73755)
(4.74978, -4.36673, 7.66094)
(4.63487, -3.83047, 7.81416)
(5.24774, -4.17521, 7.73755)
(4.0603, -3.56234, 7.96737)
(4.903, -4.36673, 7.31619)
(4.903, -4.0603, 7.08637)
(4.48165, -3.83047, 7.3928)
(4.903, -3.71555, 7.50772)
(4.86469, -3.52403, 7.50772)
(4.63487, -3.75386, 7.81416)
(5.40096, -3.75386, 7.50772)
(4.82639, -4.0603, 7.08637)
(4.86469, -3.63894, 7.54602)
(5.36266, -3.40912, 7.27789)
(4.86469, -3.94538, 7.77585)
(4.74978, -4.02199, 7.3545)
(4.74978, -3.75386, 7.50772)
(4.63487, -3.79216, 7.43111)
(4.74978, -4.13691, 7.20128)
(4.71148, -4.02199, 7.46941)
(4.71148, -4.02199, 7.66094)
(4.67317, -3.83047, 7.69924)
(4.71148, -4.13691, 7.50772)
(4.63487, -3.94538, 7.43111)
(4.71148, -3.98369, 7.50772)
(4.9413, -4.02199, 7.50772)
(4.74978, -4.0986, 7.31619)
(4.67317, -3.98369, 7.54602)
(4.59656, -4.0603, 7.3545)
(4.78809, -3.94538, 7.3545)
(4.82639, -3.98369, 7.3545)
(4.74978, -4.25182, 7.58433)
(4.67317, -4.0603, 7.58433)
(4.82639, -3.86877, 7.3928)
(4.86469, -3.83047, 7.50772)
(4.97961, -3.94538, 7.3928)
(4.78809, -3.94538, 7.54602)
(4.82639, -3.86877, 7.46941)
(4.903, -3.94538, 7.43111)
(4.86469, -3.90708, 7.46941)
(4.82639, -3.90708, 7.3545)
(4.78809, -4.0603, 7.46941)
(4.903, -4.02199, 7.43111)
(4.78809, -3.86877, 7.46941)
(4.86469, -3.75386, 7.46941)
(4.67317, -4.02199, 7.3545)
(4.97961, -3.75386, 7.62263)
(4.9413, -3.98369, 7.54602)
(4.63487, -3.98369, 7.3928)
(4.63487, -3.75386, 7.50772)
(4.86469, -3.90708, 7.31619)
(4.78809, -3.98369, 7.43111)
(4.82639, -3.71555, 7.46941)
(4.67317, -3.98369, 7.16298)
(4.71148, -3.79216, 7.50772)
(4.74978, -4.02199, 7.16298)
(4.78809, -3.83047, 7.46941)
(4.78809, -3.86877, 7.43111)
(4.74978, -4.02199, 7.23959)
(4.97961, -3.94538, 7.50772)
(4.86469, -3.90708, 7.3545)
(4.78809, -3.86877, 7.69924)
(4.86469, -3.83047, 7.46941)
(4.78809, -3.83047, 7.66094)
(4.82639, -3.90708, 7.3545)
(4.86469, -3.86877, 7.54602)
(5.05622, -3.94538, 7.54602)
(4.78809, -3.98369, 7.50772)
(4.86469, -3.86877, 7.66094)
(4.903, -4.02199, 7.3545)
(4.9413, -3.86877, 7.46941)
(4.67317, -3.94538, 7.73755)
(4.97961, -3.94538, 7.43111)
(4.86469, -3.86877, 7.3928)
(4.86469, -3.94538, 7.46941)
(4.86469, -3.83047, 7.3928)
(4.903, -3.86877, 7.43111)
(4.903, -3.94538, 7.43111)
(4.78809, -3.79216, 7.23959)
(4.9413, -3.79216, 7.3928)
(4.86469, -3.90708, 7.58433)
(4.97961, -3.90708, 7.3928)
(5.17113, -3.75386, 7.46941)
(4.74978, -4.02199, 7.85246)
(4.59656, -3.94538, 7.46941)
(5.40096, -4.13691, 7.81416)
(4.97961, -3.94538, 7.23959)
(4.86469, -3.86877, 7.20128)
(5.09452, -3.79216, 7.20128)
(5.20944, -3.83047, 7.3545)
(5.05622, -3.83047, 7.27789)
(5.09452, -3.90708, 7.3928)
(5.13283, -3.83047, 7.31619)
(5.17113, -3.94538, 7.31619)
(5.05622, -3.86877, 7.3545)
(5.17113, -3.90708, 7.31619)
(5.13283, -3.79216, 7.43111)
(5.01791, -4.02199, 7.3928)
(4.97961, -3.98369, 7.73755)
(4.63487, -3.90708, 7.69924)
(4.55826, -3.90708, 7.81416)
(4.59656, -3.67725, 7.69924)
(4.67317, -3.90708, 7.3928)
(4.71148, -3.94538, 7.66094)
(4.71148, -3.75386, 7.54602)
(4.78809, -3.71555, 7.54602)
(4.86469, -3.86877, 7.3545)
(4.86469, -3.79216, 7.62263)
(4.97961, -3.86877, 7.54602)
(4.903, -3.86877, 7.62263)
(4.903, -3.79216, 7.3545)
(5.01791, -3.86877, 7.50772)
(5.01791, -3.86877, 7.50772)
(4.903, -3.86877, 7.62263)
(4.9413, -3.79216, 7.62263)
(4.67317, -3.94538, 7.54602)
(4.9413, -3.86877, 7.3545)
(4.9413, -3.79216, 7.46941)
(5.09452, -3.83047, 7.31619)
(5.05622, -3.83047, 7.46941)
(4.97961, -3.79216, 7.50772)
(4.903, -3.83047, 7.46941)
(5.05622, -3.90708, 7.50772)
(4.903, -3.83047, 7.3928)
(4.86469, -3.94538, 7.43111)
(4.9413, -3.86877, 7.43111)
(4.9413, -3.98369, 7.23959)
(4.9413, -3.94538, 7.43111)
(4.86469, -3.71555, 7.58433)
(5.20944, -3.67725, 7.46941)
(5.28605, -3.83047, 7.31619)
(5.17113, -3.40912, 7.3545)
(5.59248, -3.86877, 7.20128)
(5.36266, -3.75386, 7.3545)
(5.24774, -3.75386, 7.27789)
(5.32435, -3.71555, 7.04806)
(5.28605, -3.75386, 7.16298)
(5.36266, -3.67725, 7.08637)
(5.36266, -3.60064, 7.16298)
(5.36266, -3.83047, 7.08637)
(5.24774, -3.83047, 7.31619)
(5.32435, -3.79216, 7.12467)
(5.36266, -3.67725, 7.46941)
(5.51587, -3.71555, 7.12467)
(5.43926, -3.75386, 7.43111)
(5.40096, -3.75386, 7.27789)
(5.43926, -3.83047, 7.31619)
(5.24774, -3.86877, 6.97145)
(5.55418, -3.71555, 7.16298)
(5.20944, -3.83047, 7.20128)
(5.32435, -3.79216, 7.04806)
(5.24774, -3.86877, 7.12467)
(5.32435, -3.75386, 7.23959)
(5.47757, -3.71555, 7.31619)
(5.47757, -3.75386, 7.23959)
(5.17113, -3.79216, 7.3928)
(5.32435, -3.75386, 7.27789)
(5.13283, -3.86877, 7.27789)
(5.47757, -3.75386, 7.20128)
(5.36266, -3.79216, 7.23959)
(5.32435, -3.83047, 7.3928)
(5.32435, -3.75386, 7.27789)
(5.40096, -3.83047, 7.12467)
(5.36266, -3.71555, 6.85654)
(5.36266, -3.71555, 7.12467)
(5.43926, -3.75386, 7.16298)
(5.43926, -3.79216, 7.23959)
(5.28605, -3.75386, 7.04806)
(5.40096, -3.71555, 7.43111)
(5.36266, -3.75386, 7.20128)
(5.17113, -3.71555, 6.89484)
(5.51587, -3.75386, 7.20128)
(5.51587, -3.79216, 7.20128)
(5.40096, -3.86877, 7.12467)
(5.36266, -3.75386, 7.16298)
(5.55418, -3.71555, 7.08637)
(5.40096, -3.83047, 6.89484)
(5.43926, -3.67725, 7.12467)
(5.40096, -3.83047, 7.16298)
(5.43926, -3.86877, 7.3545)
(5.40096, -3.79216, 7.20128)
(5.51587, -3.90708, 7.27789)
(5.20944, -3.86877, 7.23959)
(5.43926, -3.60064, 7.20128)
(5.55418, -3.67725, 7.16298)
(5.32435, -3.86877, 7.20128)
(5.28605, -3.79216, 7.16298)
(5.51587, -3.63894, 7.16298)
(5.47757, -3.86877, 7.04806)
(5.36266, -3.71555, 7.04806)
(5.28605, -3.86877, 7.20128)
(5.43926, -3.75386, 7.16298)
(5.55418, -3.67725, 7.04806)
(5.43926, -3.79216, 7.23959)
(5.36266, -3.63894, 7.27789)
(5.51587, -3.90708, 6.89484)
(5.55418, -3.75386, 7.20128)
(5.43926, -3.79216, 7.04806)
(5.82231, -3.56234, 7.12467)
(5.82231, -3.56234, 7.20128)
(5.51587, -3.63894, 7.3545)
(5.43926, -3.79216, 6.89484)
(5.7074, -3.63894, 7.08637)
(5.43926, -3.79216, 7.08637)
(5.43926, -3.75386, 7.16298)
(5.47757, -3.79216, 7.20128)
(5.47757, -3.79216, 7.04806)
(5.55418, -3.83047, 7.20128)
(5.51587, -3.71555, 7.20128)
(5.55418, -3.67725, 7.04806)
(5.47757, -3.79216, 7.31619)
(5.63079, -3.79216, 7.20128)
(5.59248, -3.71555, 6.89484)
(5.47757, -3.86877, 7.23959)
(5.28605, -3.75386, 7.16298)
(5.24774, -3.63894, 7.16298)
(5.63079, -3.67725, 7.12467)
(5.36266, -3.83047, 7.08637)
(5.36266, -3.60064, 7.27789)
(5.66909, -3.67725, 7.20128)
(5.51587, -3.83047, 6.93315)
(5.47757, -3.71555, 6.97145)
(5.63079, -3.71555, 6.85654)
(5.59248, -3.60064, 7.20128)
(5.59248, -3.60064, 7.23959)
(5.7074, -3.60064, 7.12467)
(5.63079, -3.60064, 7.04806)
(5.63079, -3.75386, 7.04806)
(5.51587, -3.71555, 7.12467)
(5.66909, -3.60064, 7.12467)
(5.59248, -3.63894, 7.23959)
(5.43926, -3.63894, 7.00976)
(5.7457, -3.63894, 6.93315)
(5.63079, -3.56234, 6.97145)
(5.66909, -3.75386, 6.89484)
(5.78401, -3.52403, 7.08637)
(5.63079, -3.63894, 6.93315)
(5.47757, -3.60064, 6.97145)
(5.66909, -3.83047, 7.3928)
(5.7457, -3.48573, 7.12467)
(5.55418, -3.71555, 6.97145)
(5.66909, -3.60064, 7.27789)
(5.13283, -3.94538, 7.00976)
(5.55418, -3.63894, 7.04806)
(5.43926, -3.56234, 7.27789)
(5.36266, -3.71555, 7.08637)
(5.43926, -3.71555, 7.00976)
(5.51587, -3.56234, 7.23959)
(5.51587, -3.83047, 6.97145)
(5.40096, -3.79216, 7.00976)
(5.20944, -3.67725, 7.27789)
(5.59248, -3.86877, 7.08637)
(5.55418, -3.83047, 7.04806)
(5.40096, -3.75386, 7.16298)
(5.43926, -3.86877, 6.97145)
(5.24774, -3.90708, 7.23959)
(5.47757, -3.60064, 7.23959)
(5.43926, -3.67725, 6.89484)
(5.32435, -3.94538, 6.93315)
(5.32435, -3.75386, 7.27789)
(5.32435, -3.75386, 7.20128)
(5.40096, -3.79216, 7.16298)
(5.32435, -3.86877, 7.04806)
(5.55418, -3.83047, 7.16298)
(5.40096, -3.83047, 7.12467)
(5.43926, -3.79216, 7.04806)
(5.43926, -3.75386, 7.04806)
(5.28605, -3.90708, 6.85654)
(5.36266, -3.86877, 7.20128)
(5.20944, -3.56234, 7.12467)
(5.59248, -3.79216, 6.93315)
(5.55418, -3.86877, 7.04806)
(5.43926, -3.94538, 7.23959)
(5.51587, -3.83047, 6.77993)
(5.51587, -3.90708, 6.93315)
(5.51587, -3.83047, 7.12467)
(5.55418, -3.86877, 7.12467)
(5.47757, -3.86877, 7.12467)
(5.40096, -3.90708, 6.77993)
(5.47757, -3.83047, 7.12467)
(5.40096, -3.79216, 7.23959)
(5.40096, -3.83047, 7.27789)
(5.51587, -3.86877, 6.97145)
(5.32435, -3.71555, 7.12467)
(5.36266, -3.86877, 7.04806)
(5.36266, -3.75386, 6.97145)
(5.36266, -3.86877, 7.12467)
(5.24774, -3.67725, 7.43111)
(5.40096, -3.79216, 7.08637)
(5.20944, -3.79216, 7.27789)
(5.36266, -3.75386, 7.16298)
(5.59248, -3.67725, 6.93315)
(5.47757, -3.83047, 7.16298)
(5.66909, -3.75386, 7.08637)
(5.51587, -3.86877, 7.23959)
(5.55418, -3.83047, 7.08637)
(5.36266, -3.71555, 7.20128)
(5.7074, -3.71555, 7.00976)
(5.66909, -3.75386, 7.04806)
(5.59248, -3.75386, 7.20128)
(5.51587, -3.71555, 7.00976)
(5.55418, -3.83047, 7.04806)
(5.66909, -3.63894, 7.20128)
(5.66909, -3.90708, 7.00976)
(5.47757, -3.75386, 6.89484)
(5.63079, -3.67725, 7.04806)
(5.59248, -3.75386, 7.12467)
(5.63079, -3.83047, 7.20128)
(5.63079, -3.83047, 7.08637)
(5.51587, -3.71555, 7.20128)
(5.55418, -3.71555, 7.00976)
(5.59248, -3.79216, 7.16298)
(5.63079, -3.71555, 7.20128)
(5.66909, -3.83047, 6.89484)
(5.51587, -3.71555, 7.16298)
(5.59248, -3.75386, 7.08637)
(5.47757, -3.94538, 6.89484)
(5.55418, -3.71555, 6.89484)
(5.43926, -3.75386, 7.00976)
(5.55418, -3.83047, 6.97145)
(5.40096, -3.90708, 7.08637)
(5.55418, -3.75386, 6.97145)
(5.59248, -3.63894, 7.46941)
(5.7074, -3.94538, 6.81823)
(5.47757, -3.63894, 6.89484)
(5.47757, -3.83047, 7.00976)
(5.51587, -3.94538, 7.16298)
(5.59248, -3.63894, 7.08637)
(5.63079, -3.79216, 6.97145)
(5.66909, -3.83047, 7.23959)
(5.63079, -3.75386, 6.93315)
(5.66909, -3.67725, 6.93315)
(5.66909, -3.90708, 7.20128)
(5.59248, -3.79216, 6.89484)
(5.86062, -3.63894, 6.97145)
(5.78401, -3.52403, 7.12467)
(5.86062, -3.83047, 7.00976)
(5.51587, -3.90708, 6.39688)
(5.78401, -3.56234, 7.12467)
(5.55418, -3.90708, 6.74162)
(5.7074, -3.75386, 7.12467)
(5.93723, -3.75386, 6.81823)
(5.59248, -3.94538, 6.97145)
(5.55418, -3.71555, 7.20128)
(5.66909, -3.79216, 6.66501)
(5.40096, -3.75386, 6.93315)
(5.47757, -3.83047, 7.12467)
(5.51587, -3.79216, 7.16298)
(5.66909, -3.83047, 7.04806)
(5.78401, -3.94538, 7.12467)
(5.51587, -3.75386, 6.93315)
(5.82231, -3.67725, 6.89484)
(5.66909, -3.86877, 7.04806)
(5.82231, -3.71555, 6.74162)
(5.7074, -3.75386, 6.93315)
(5.78401, -3.75386, 6.93315)
(5.66909, -3.75386, 7.16298)
(5.63079, -3.90708, 6.77993)
(5.78401, -3.63894, 6.97145)
(5.89892, -3.71555, 6.93315)
(5.82231, -3.83047, 6.93315)
(5.7074, -3.71555, 6.85654)
(5.7457, -3.83047, 6.85654)
(5.63079, -3.86877, 6.85654)
(5.78401, -3.75386, 6.81823)
(5.78401, -3.75386, 7.00976)
(5.82231, -3.75386, 6.77993)
(5.7074, -3.63894, 6.81823)
(5.82231, -3.67725, 6.62671)
(5.7457, -3.79216, 6.93315)
(5.78401, -3.60064, 6.70332)
(5.89892, -3.79216, 6.77993)
(5.82231, -3.63894, 6.93315)
(5.78401, -3.71555, 6.74162)
(5.86062, -3.75386, 6.43519)
(5.93723, -3.52403, 6.93315)
(5.82231, -3.71555, 6.77993)
(5.86062, -3.75386, 6.81823)
(5.86062, -3.56234, 6.62671)
(5.78401, -3.86877, 6.85654)
(5.86062, -3.83047, 6.74162)
(5.78401, -3.75386, 7.04806)
(5.97553, -3.75386, 6.81823)
(5.55418, -3.79216, 6.77993)
(5.59248, -3.79216, 7.08637)
(5.89892, -3.75386, 6.81823)
(5.7074, -3.75386, 6.89484)
(5.7074, -3.90708, 6.89484)
(5.7074, -3.67725, 6.74162)
(5.89892, -3.75386, 6.85654)
(5.7074, -3.71555, 7.04806)
(5.59248, -3.79216, 6.74162)
(5.63079, -3.75386, 6.89484)
(5.63079, -3.71555, 6.85654)
(5.78401, -3.94538, 6.85654)
(5.7074, -3.75386, 6.81823)
(5.78401, -3.83047, 6.85654)
(5.78401, -3.67725, 7.00976)
(5.86062, -3.79216, 6.85654)
(5.7457, -3.67725, 6.74162)
(5.78401, -3.71555, 6.77993)
(5.82231, -3.63894, 6.74162)
(5.86062, -3.71555, 6.81823)
(5.7457, -3.71555, 7.04806)
(5.7074, -3.79216, 6.58841)
(5.7074, -3.60064, 6.81823)
(5.82231, -3.75386, 6.81823)
(5.59248, -3.63894, 6.74162)
(5.59248, -3.71555, 6.74162)
(5.89892, -3.60064, 6.85654)
(5.86062, -3.71555, 6.93315)
(5.93723, -3.90708, 6.89484)
(5.7457, -3.83047, 6.74162)
(5.93723, -3.83047, 6.70332)
(5.82231, -3.67725, 6.81823)
(5.82231, -3.79216, 6.70332)
(5.7457, -3.67725, 6.97145)
(5.78401, -3.63894, 6.93315)
(5.86062, -3.75386, 6.66501)
(5.7457, -3.71555, 6.89484)
(5.7457, -3.79216, 6.89484)
(5.7074, -3.60064, 6.81823)
(5.86062, -3.79216, 7.00976)
(5.82231, -3.71555, 6.81823)
(5.7074, -3.67725, 6.89484)
(5.7074, -3.71555, 6.81823)
(5.7457, -3.63894, 6.74162)
(5.89892, -3.79216, 6.77993)
(5.59248, -3.67725, 6.97145)
(5.78401, -3.83047, 6.81823)
(5.82231, -3.83047, 6.97145)
(5.7457, -3.63894, 6.89484)
(5.86062, -3.75386, 6.62671)
(5.78401, -3.63894, 6.81823)
(5.82231, -3.75386, 6.77993)
(5.86062, -3.63894, 6.93315)
(5.93723, -3.79216, 6.81823)
(5.66909, -3.48573, 6.97145)
(5.7074, -3.83047, 6.70332)
(5.78401, -3.60064, 6.77993)
(5.93723, -3.63894, 6.89484)
(5.86062, -3.71555, 6.81823)
(5.82231, -3.67725, 6.85654)
(6.05214, -3.83047, 6.85654)
(5.89892, -3.71555, 6.81823)
(5.93723, -3.63894, 6.85654)
(5.82231, -3.75386, 6.74162)
(5.78401, -3.60064, 6.77993)
(5.97553, -3.63894, 7.00976)
(5.82231, -3.75386, 6.81823)
(5.89892, -3.67725, 6.77993)
(5.7074, -3.63894, 6.77993)
(5.89892, -3.79216, 6.74162)
(5.78401, -3.63894, 6.85654)
(5.97553, -3.63894, 7.04806)
(5.82231, -3.75386, 7.23959)
(5.82231, -3.71555, 6.89484)
(5.63079, -3.56234, 6.85654)
(5.86062, -3.67725, 6.89484)
(5.7457, -3.79216, 6.85654)
(5.82231, -3.44742, 7.08637)
(5.89892, -3.71555, 6.77993)
(5.78401, -3.71555, 6.5118)
(5.82231, -3.48573, 6.5501)
(5.89892, -3.75386, 6.70332)
(5.82231, -3.71555, 7.16298)
(5.86062, -3.67725, 6.66501)
(5.89892, -3.63894, 6.97145)
(5.86062, -3.63894, 6.93315)
(6.01384, -3.56234, 6.97145)
(5.78401, -3.79216, 6.74162)
(5.93723, -3.60064, 6.81823)
(6.16705, -3.75386, 6.77993)
(5.86062, -3.79216, 6.70332)
(5.82231, -3.60064, 6.85654)
(5.82231, -3.71555, 6.85654)
(5.93723, -3.56234, 6.77993)
(5.7457, -3.75386, 6.89484)
(5.7457, -3.75386, 6.58841)
(6.01384, -3.56234, 6.81823)
(5.93723, -3.63894, 6.74162)
(5.82231, -3.90708, 7.00976)
(6.01384, -3.71555, 6.89484)
(5.82231, -3.75386, 6.89484)
(6.09044, -3.67725, 7.00976)
(5.89892, -3.56234, 6.70332)
(5.93723, -3.63894, 6.81823)
(5.7457, -3.67725, 6.85654)
(5.93723, -3.63894, 6.77993)
(5.7074, -3.75386, 7.04806)
(5.89892, -3.79216, 6.66501)
(5.86062, -3.60064, 6.93315)
(5.86062, -3.52403, 6.93315)
(5.93723, -3.83047, 6.81823)
(5.93723, -3.63894, 6.81823)
(6.01384, -3.56234, 6.58841)
(5.66909, -3.75386, 6.85654)
(5.7074, -3.83047, 7.00976)
(5.89892, -3.60064, 6.81823)
(5.78401, -3.75386, 6.89484)
(5.86062, -3.86877, 6.93315)
(5.7457, -3.75386, 6.89484)
(5.63079, -3.83047, 6.70332)
(6.01384, -3.56234, 6.89484)
(5.7074, -3.90708, 6.81823)
(5.82231, -3.67725, 6.89484)
(5.93723, -3.75386, 6.70332)
(5.89892, -3.75386, 6.89484)
(5.82231, -3.71555, 6.85654)
(5.82231, -3.71555, 6.62671)
(6.01384, -3.67725, 6.74162)
(5.86062, -3.71555, 6.70332)
(5.89892, -3.79216, 6.70332)
(5.78401, -3.86877, 6.62671)
(5.97553, -3.71555, 6.70332)
(6.24366, -3.56234, 6.62671)
(6.16705, -3.48573, 6.5501)
(5.93723, -3.71555, 6.85654)
(6.16705, -3.40912, 6.89484)
(6.24366, -3.63894, 6.28197)
(6.32027, -3.48573, 6.66501)
(6.12875, -3.56234, 6.62671)
(6.01384, -3.44742, 6.62671)
(6.20536, -3.71555, 6.70332)
(6.12875, -3.71555, 6.58841)
(6.16705, -3.52403, 6.5501)
(6.20536, -3.71555, 6.5501)
(6.39688, -3.60064, 6.85654)
(6.28197, -3.60064, 6.58841)
(6.32027, -3.48573, 6.47349)
(6.20536, -3.60064, 6.58841)
(6.20536, -3.48573, 6.70332)
(6.28197, -3.48573, 6.5118)
(6.39688, -3.40912, 6.77993)
(6.05214, -3.52403, 6.62671)
(6.28197, -3.52403, 6.66501)
(6.24366, -3.52403, 6.62671)
(6.28197, -3.63894, 6.66501)
(6.12875, -3.52403, 6.5501)
(5.89892, -3.48573, 6.58841)
(6.16705, -3.52403, 6.66501)
(6.16705, -3.52403, 6.62671)
(6.05214, -3.63894, 6.66501)
(5.97553, -3.56234, 6.62671)
(6.20536, -3.56234, 6.70332)
(5.97553, -3.67725, 6.74162)
(5.93723, -3.75386, 6.66501)
(6.05214, -3.71555, 6.62671)
(6.05214, -3.60064, 6.74162)
(6.05214, -3.79216, 6.93315)
(5.93723, -3.79216, 6.74162)
(5.82231, -3.60064, 6.5501)
(6.01384, -3.63894, 6.62671)
(6.01384, -3.67725, 6.85654)
(5.82231, -3.63894, 6.66501)
(5.97553, -3.67725, 6.62671)
(5.86062, -3.67725, 6.70332)
(5.86062, -3.71555, 6.66501)
(6.05214, -3.63894, 6.62671)
(5.78401, -3.79216, 7.00976)
(5.7074, -3.67725, 6.70332)
(5.97553, -3.63894, 6.58841)
(5.93723, -3.79216, 6.77993)
(5.86062, -3.75386, 6.5501)
(5.86062, -3.75386, 6.66501)
(5.89892, -3.75386, 6.74162)
(5.89892, -3.79216, 6.5501)
(6.01384, -3.75386, 6.77993)
(6.05214, -3.71555, 6.66501)
(5.97553, -3.71555, 6.77993)
(6.09044, -3.67725, 6.62671)
(5.82231, -3.79216, 6.70332)
(5.7457, -3.60064, 6.5501)
(5.97553, -3.67725, 6.85654)
(6.09044, -3.83047, 6.66501)
(5.82231, -3.86877, 6.47349)
(6.05214, -3.48573, 6.74162)
(5.78401, -3.86877, 7.00976)
(5.97553, -3.67725, 6.5501)
(5.89892, -3.60064, 6.39688)
(5.97553, -3.79216, 6.74162)
(6.01384, -3.83047, 6.70332)
(5.89892, -3.63894, 6.5118)
(5.89892, -3.67725, 6.70332)
(5.97553, -3.79216, 6.81823)
(6.01384, -3.71555, 6.58841)
(6.16705, -3.75386, 6.93315)
(5.43926, -3.75386, 6.81823)
(5.32435, -3.63894, 6.5118)
(5.97553, -3.63894, 6.62671)
(5.51587, -3.56234, 7.04806)
(5.89892, -4.17521, 7.08637)
(6.09044, -4.21351, 8.1972)
(6.20536, -3.44742, 8.42703)
(6.05214, -3.67725, 6.5501)
(6.01384, -2.94946, 6.20536)
(7.46941, -3.06437, 5.24774)
(8.69516, -3.83047, 4.13691)
(9.46126, -6.74162, 2.71963)
(7.3928, -6.32027, 1.14914)
(4.17521, -5.7074, 1.68541)
(7.04806, -8.04398, 0.804398)
(6.43519, -7.96737, 0.612875)
(4.51995, -8.08229, 0.306437)
(4.0603, -8.84838, 0.497961)
(3.40912, -8.88668, 0.57457)
(3.48573, -7.16298, 1.22575)
(3.75386, -8.50364, 0.65118)
(3.2559, -9.8443, 1.07253)
(3.75386, -7.50772, 1.14914)
(3.79216, -7.50772, 1.80032)
(6.43519, -9.65278, 0.57457)
(6.28197, -6.47349, 0.727789)
(4.51995, -8.31211, 0.497961)
(4.02199, -8.38873, 0.727789)
(3.94538, -7.66094, 1.11084)
(4.21351, -7.43111, 1.22575)
(4.29012, -9.49956, 0.842703)
(5.78401, -10.6487, 0.344742)
(2.83455, -7.3928, 1.03423)
(5.05622, -8.08229, 0.65118)
(3.10268, -8.69516, 0.881008)
(2.83455, -7.81416, 1.22575)
(4.51995, -7.04806, 1.53219)
(4.13691, -11.6829, -2.03015)
(4.17521, -8.84838, 0.0)
(3.17929, -9.15482, -0.191523)
(4.13691, -7.31619, -0.842703)
(4.02199, -7.96737, -1.57049)
(4.32843, -8.73347, -1.34066)
(4.36673, -10.9551, -1.07253)
(3.60064, -6.62671, 0.383047)
(3.2942, -10.1124, -0.229828)
(3.83047, -8.77177, 1.07253)
(2.71963, -7.43111, 0.459656)
(2.71963, -7.27789, 1.53219)
(6.58841, -11.8745, 2.06845)
(4.48165, -8.1972, 0.612875)
(4.36673, -8.12059, 0.268133)
(3.2559, -9.0016, -0.536266)
(3.33251, -8.42703, -0.0766094)
(3.10268, -8.77177, 0.459656)
(3.56234, -9.0016, 1.57049)
(2.41319, -10.9934, 2.06845)
(2.64302, -7.08637, 1.76202)
(2.52811, -9.61448, 0.0383047)
(2.4515, -8.69516, 1.95354)
(2.71963, -7.08637, 1.68541)
(4.0986, -8.84838, 1.95354)
(5.93723, -9.30804, -0.497961)
(4.74978, -11.568, -0.881008)
(3.37081, -6.81823, -0.114914)
(2.06845, -8.92499, 0.0766094)
(1.99184, -10.2657, -0.344742)
(2.14506, -7.04806, 0.536266)
(2.71963, -10.0741, 3.17929)
(3.48573, -11.4148, 0.881008)
(3.37081, -7.43111, 1.03423)
(3.06437, -8.84838, -0.191523)
(3.10268, -10.189, 1.45558)
(3.44742, -6.5501, 0.804398)
(3.67725, -7.54602, 1.30236)
(4.32843, -11.2233, 0.842703)
(4.02199, -11.2616, 1.03423)
(2.18337, -6.58841, 1.11084)
(1.76202, -9.30804, 0.612875)
(2.03015, -9.72939, 0.383047)
(1.87693, -7.12467, 0.957617)
(1.91523, -8.1972, 0.995922)
(2.79624, -9.99752, 0.995922)
(3.48573, -8.88668, 0.65118)
(3.56234, -8.88668, 0.114914)
(3.75386, -10.3806, 1.95354)
(2.56641, -7.54602, 0.65118)
(3.52403, -7.89076, 0.881008)
(3.2559, -9.42295, 1.07253)
(3.79216, -12.9853, 1.22575)
(2.98777, -7.27789, 0.842703)
(2.06845, -9.95922, 0.612875)
(1.6471, -9.34634, 0.919312)
(2.29828, -7.46941, 0.536266)
(2.37489, -7.20128, 1.07253)
(3.94538, -9.61448, 0.421352)
(3.94538, -7.92907, 2.03015)
(4.17521, -8.38873, 0.268133)
(3.79216, -8.65686, 1.03423)
(4.32843, -8.23551, 0.804398)
(3.67725, -7.81416, 0.689484)
(3.60064, -9.07821, 0.995922)
(3.48573, -10.8402, 0.842703)
(3.44742, -8.12059, 0.497961)
(2.64302, -9.8443, 0.612875)
(2.29828, -8.61855, 0.842703)
(2.87285, -6.85654, 1.76202)
(3.48573, -8.65686, 1.80032)
(3.79216, -11.8361, 1.87693)
(3.98369, -7.08637, 1.6088)
(2.37489, -9.0016, 0.383047)
(2.52811, -9.76769, 0.957617)
(2.37489, -7.54602, 2.41319)
(4.97961, -9.26973, 0.0766094)
(4.903, -7.92907, 1.26405)
(4.59656, -11.3382, 0.114914)
(4.67317, -9.0016, 0.689484)
(2.98777, -8.73347, -0.842703)
(3.17929, -9.42295, -1.49388)
(2.60472, -8.23551, -0.65118)
(3.52403, -8.77177, -0.0383047)
(3.2942, -8.58025, 0.536266)
(3.17929, -8.31211, 1.37897)
(4.71148, -9.8443, 1.03423)
(4.86469, -6.77993, -1.22575)
(5.17113, -9.19312, 0.191523)
(3.44742, -7.73755, 0.306437)
(3.40912, -7.77585, 0.957617)
(3.2559, -8.08229, 1.80032)
(6.24366, -9.03991, -0.191523)
(4.51995, -9.49956, -0.689484)
(2.87285, -8.77177, -0.421352)
(1.57049, -8.27381, -0.57457)
(4.0603, -10.0741, -1.26405)
(4.0986, -7.96737, -0.65118)
(4.48165, -8.46534, -1.26405)
(3.90708, -8.84838, -0.65118)
(3.79216, -10.7253, -0.497961)
(4.48165, -6.81823, 0.421352)
(2.68133, -10.3423, 0.191523)
(2.29828, -9.69109, 0.459656)
(2.33659, -8.27381, 0.57457)
(2.4515, -7.04806, 0.957617)
(3.10268, -8.65686, 2.52811)
(7.23959, -9.53786, 1.6471)
(3.10268, -7.58433, -0.191523)
(3.21759, -9.99752, 0.344742)
(2.33659, -8.54194, -0.191523)
(2.83455, -7.54602, 0.497961)
(2.75794, -9.46126, 0.65118)
(2.4898, -9.72939, 1.72371)
(3.44742, -8.84838, 2.33659)
(2.83455, -9.15482, 1.53219)
(2.71963, -9.65278, 1.99184)
(1.83862, -8.77177, 1.07253)
(1.99184, -7.20128, 0.881008)
(1.95354, -8.27381, 1.6471)
(2.29828, -11.6829, 1.95354)
(2.56641, -7.46941, 0.612875)
(3.21759, -9.69109, 0.344742)
(2.10676, -9.61448, 0.497961)
(2.33659, -7.81416, 0.766094)
(2.06845, -8.54194, 0.383047)
(2.06845, -10.304, 0.0)
(3.33251, -8.1589, 0.842703)
(2.98777, -8.50364, 0.842703)
(3.79216, -8.65686, 2.22167)
(3.33251, -9.72939, 1.37897)
(4.71148, -8.73347, 1.57049)
(4.21351, -7.50772, 1.37897)
(4.55826, -6.62671, 1.91523)
(5.59248, -7.73755, 2.56641)
(6.47349, -9.38465, 0.65118)
(5.86062, -7.50772, 1.45558)
(4.32843, -7.81416, 0.306437)
(4.51995, -8.27381, -0.0766094)
(4.78809, -7.43111, 0.383047)
(4.71148, -7.62263, 0.689484)
(5.43926, -8.58025, 0.65118)
(4.9413, -10.8019, 1.14914)
(5.05622, -5.66909, 0.689484)
(3.60064, -9.07821, 1.41727)
(4.02199, -7.04806, 1.26405)
(3.79216, -7.77585, 1.30236)
(4.44334, -8.84838, 1.76202)
(4.59656, -8.96329, 0.957617)
(4.78809, -9.34634, 0.459656)
(2.33659, -8.77177, 0.497961)
(2.18337, -9.61448, 0.383047)
(2.22167, -8.46534, 0.57457)
(2.25998, -7.46941, 1.22575)
(5.05622, -8.46534, 0.536266)
(5.09452, -12.947, 0.383047)
(3.83047, -6.70332, 1.14914)
(2.03015, -10.0741, 0.536266)
(2.41319, -8.31211, 1.45558)
(1.80032, -6.35858, 2.4515)
(1.83862, -7.73755, 3.33251)
(4.44334, -9.07821, 2.98777)
(5.13283, -13.2151, 2.98777)
(5.43926, -7.04806, 1.49388)
(3.33251, -8.81008, 0.0766094)
(2.41319, -8.12059, 0.65118)
(3.2559, -8.77177, 1.18745)
(2.91116, -8.31211, 3.56234)
(2.06845, -9.07821, 1.30236)
(4.67317, -9.38465, 0.957617)
(2.56641, -7.58433, 0.65118)
(2.4515, -8.96329, 0.881008)
(2.56641, -7.54602, 2.25998)
(4.36673, -8.04398, 0.57457)
(4.82639, -9.03991, 0.306437)
(4.29012, -9.95922, 0.114914)
(4.40504, -9.0016, 0.459656)
(4.02199, -8.96329, 0.306437)
(3.44742, -9.15482, 0.153219)
(3.37081, -6.39688, 0.306437)
(4.97961, -7.58433, 0.612875)
(5.32435, -8.61855, 0.842703)
(5.51587, -9.38465, 1.26405)
(3.94538, -7.96737, 0.57457)
(4.0986, -6.97145, 1.18745)
(4.9413, -7.69924, 0.459656)
(3.21759, -7.69924, 1.18745)
(2.03015, -9.57617, 2.91116)
(5.32435, -6.39688, 3.40912)
(1.72371, -8.31211, -2.91116)
(1.6471, -10.5338, -0.268133)
(0.459656, -7.92907, 1.83862)
(2.79624, -8.38873, 1.07253)
(3.10268, -10.687, 0.536266)
(3.10268, -10.8402, 1.07253)
(2.56641, -6.09044, 1.30236)
(2.06845, -10.8019, 0.383047)
(2.18337, -7.04806, 1.37897)
(2.83455, -7.85246, 1.22575)
(2.79624, -9.07821, 1.99184)
(2.41319, -10.304, 1.11084)
(2.60472, -8.46534, 1.30236)
(2.06845, -9.0016, 1.11084)
(2.10676, -9.99752, 0.612875)
(2.14506, -7.85246, 0.497961)
(1.30236, -7.54602, 1.03423)
(1.80032, -10.2657, 0.65118)
(3.17929, -7.92907, 1.99184)
(2.14506, -9.42295, 1.37897)
(1.57049, -9.8443, 2.03015)
(1.34066, -6.81823, 4.17521)
(1.41727, -7.27789, 0.766094)
(4.71148, -11.6063, 1.30236)
(2.94946, -10.1124, 1.34066)
(0.995922, -8.54194, 1.22575)
(2.10676, -10.687, 0.306437)
(1.49388, -8.65686, 0.268133)
(1.37897, -7.04806, 0.766094)
(1.72371, -7.81416, 1.34066)
(1.76202, -10.1124, 1.68541)
(4.13691, -8.38873, 2.56641)
(3.2559, -8.65686, 0.57457)
(3.63894, -9.49956, 1.72371)
(3.2942, -7.73755, 1.18745)
(3.52403, -7.69924, 1.37897)
(3.90708, -9.53786, 1.37897)
(3.98369, -10.9551, 1.37897)
(2.4515, -7.04806, 1.18745)
(2.87285, -11.6446, 0.766094)
(2.10676, -7.81416, 0.766094)
(1.68541, -7.27789, 0.919312)
(2.10676, -8.1589, 0.881008)
(3.21759, -12.6405, 0.957617)
(3.33251, -6.89484, 2.41319)
(3.2559, -11.4531, 0.612875)
(3.67725, -8.1972, 2.33659)
(2.98777, -7.81416, 1.07253)
(3.90708, -7.66094, 1.34066)
(3.37081, -10.6487, 0.497961)
(2.06845, -9.15482, 0.57457)
(1.99184, -8.38873, 0.268133)
(3.2942, -10.8785, 0.191523)
(2.37489, -6.77993, 1.95354)
(2.4515, -7.46941, 1.34066)
(2.4898, -8.12059, 0.65118)
(2.64302, -9.65278, 0.65118)
(3.83047, -12.8704, 0.114914)
(2.75794, -6.47349, 0.727789)
(3.40912, -10.5721, 0.153219)
(3.63894, -7.50772, 1.18745)
(3.48573, -8.04398, 1.41727)
(3.14098, -7.85246, 2.10676)
(3.52403, -13.5216, 0.881008)
(1.91523, -8.42703, 0.65118)
(3.2559, -10.6487, 0.497961)
(3.2559, -7.58433, 0.919312)
(1.91523, -6.97145, 0.689484)
(1.91523, -10.0741, 0.881008)
(3.48573, -11.568, 1.6471)
(2.68133, -5.7457, 2.14506)
(2.68133, -10.7253, 1.57049)
(2.37489, -8.00568, 2.4898)
(2.4898, -7.62263, 2.03015)
(3.56234, -9.26973, 2.18337)
(3.83047, -11.2616, 0.919312)
(3.86877, -7.62263, 1.37897)
(3.40912, -9.03991, 1.34066)
(2.56641, -9.11651, 1.14914)
(3.2559, -7.77585, 1.11084)
(3.94538, -7.73755, 0.727789)
(5.24774, -8.69516, -0.229828)
(7.08637, -7.58433, 0.536266)
(6.24366, -7.43111, 0.957617)
(6.20536, -6.43519, 1.07253)
(6.62671, -7.12467, 2.22167)
(6.24366, -6.66501, 1.45558)
(6.62671, -6.58841, 0.612875)
(6.62671, -6.97145, 0.727789)
(6.5118, -6.66501, 1.30236)
(6.43519, -10.2657, 0.497961)
(3.71555, -6.62671, 0.421352)
(3.98369, -8.73347, 0.689484)
(3.86877, -7.85246, 0.766094)
(4.02199, -8.27381, 1.95354)
(4.32843, -8.46534, 1.76202)
(5.20944, -8.65686, 1.26405)
(5.63079, -9.69109, 1.18745)
(5.51587, -8.69516, 0.57457)
(3.33251, -8.38873, 0.919312)
(3.98369, -8.35042, 0.995922)
(3.90708, -7.92907, 1.72371)
(3.17929, -8.08229, 1.91523)
(4.55826, -11.9511, 2.06845)
(2.79624, -6.01384, 0.881008)
(3.44742, -9.72939, -0.383047)
(3.44742, -8.31211, 0.0383047)
(1.95354, -7.58433, 0.689484)
(3.02607, -8.23551, 2.10676)
(4.74978, -9.65278, 0.497961)
(3.40912, -8.88668, 0.153219)
(3.56234, -9.26973, -1.26405)
(3.33251, -8.92499, 0.957617)
(3.37081, -7.54602, 0.727789)
(3.33251, -7.50772, 0.919312)
(4.55826, -9.8443, 1.03423)
(4.44334, -10.3423, 0.727789)
(3.06437, -7.85246, 0.536266)
(2.98777, -10.5721, 0.57457)
(2.25998, -8.00568, 0.497961)
(1.6471, -6.89484, 0.804398)
(2.06845, -8.23551, 0.957617)
(3.21759, -11.6446, 1.18745)
(3.83047, -6.74162, 2.10676)
(3.33251, -10.8785, -0.0766094)
(3.94538, -8.27381, 1.57049)
(3.21759, -6.97145, 1.37897)
(3.94538, -8.42703, 1.30236)
(4.9413, -14.5175, 0.919312)
(2.14506, -7.08637, 0.919312)
(3.79216, -8.54194, 0.536266)
(3.71555, -10.2657, 0.268133)
(2.52811, -7.69924, 0.766094)
(1.87693, -7.08637, 1.03423)
(1.80032, -9.72939, 0.919312)
(4.32843, -10.8785, 1.72371)
(3.17929, -7.96737, 0.804398)
(3.67725, -9.57617, 1.18745)
(3.90708, -7.46941, 1.41727)
(3.75386, -7.81416, 1.11084)
(3.94538, -9.72939, 0.957617)
(3.48573, -8.92499, 0.881008)
(3.48573, -8.58025, 0.804398)
(2.98777, -8.84838, 0.995922)
(2.87285, -9.23143, 0.536266)
(2.87285, -9.11651, 0.881008)
(2.4898, -7.20128, 1.22575)
(2.87285, -7.77585, 1.18745)
(3.17929, -9.88261, 0.957617)
(3.90708, -8.1972, 1.6471)
(3.56234, -10.0358, 0.306437)
(3.2942, -7.69924, 1.6471)
(3.67725, -8.12059, 1.45558)
(4.59656, -8.38873, 1.14914)
(4.51995, -9.23143, 1.07253)
(4.44334, -9.99752, 0.804398)
(4.29012, -8.1589, 0.0383047)
(3.10268, -9.8443, 0.536266)
(3.02607, -8.92499, 0.383047)
(2.98777, -7.85246, 0.57457)
(4.21351, -7.92907, 0.65118)
(3.83047, -9.23143, 1.41727)
(4.59656, -8.54194, 1.91523)
(3.17929, -10.0741, 0.804398)
(3.40912, -7.16298, 1.07253)
(3.37081, -7.73755, 0.727789)
(4.51995, -7.66094, 1.6471)
(4.71148, -8.84838, 0.881008)
(2.22167, -8.77177, 1.6471)
(2.94946, -8.42703, 0.65118)
(2.71963, -9.38465, 0.306437)
(3.86877, -8.1972, -0.383047)
(3.37081, -8.54194, -0.65118)
(3.83047, -8.96329, -0.383047)
(5.66909, -11.6446, -0.191523)
(3.79216, -6.70332, 0.536266)
(3.75386, -9.0016, 0.229828)
(4.63487, -6.74162, 1.45558)
(4.97961, -8.12059, 0.919312)
(3.48573, -8.50364, 1.6471)
(3.98369, -12.5639, 1.87693)
(3.2559, -6.28197, 1.22575)
(3.52403, -8.42703, -0.191523)
(3.56234, -7.92907, -0.191523)
(5.01791, -8.69516, -0.421352)
(4.0986, -8.73347, 0.421352)
(3.60064, -8.96329, 1.07253)
(4.74978, -11.6063, 0.804398)
(4.67317, -7.00976, 1.72371)
(5.24774, -10.189, 0.919312)
(2.4515, -7.16298, 0.804398)
(4.51995, -6.47349, 0.459656)
(5.24774, -8.23551, 2.33659)
(6.05214, -9.53786, -0.268133)
(5.43926, -8.84838, 0.229828)
(5.24774, -7.54602, -0.766094)
(2.98777, -9.23143, -1.45558)
(3.02607, -8.69516, -0.383047)
(3.63894, -7.27789, -0.153219)
(1.68541, -9.03991, 0.612875)
(2.68133, -9.92091, 1.45558)
(4.71148, -10.6487, 0.612875)
(4.82639, -7.20128, 1.22575)
(1.91523, -11.3765, 0.612875)
(2.71963, -8.08229, 0.957617)
(1.91523, -7.69924, 0.881008)
(2.14506, -8.31211, 1.41727)
(2.06845, -12.3724, 2.75794)
(3.02607, -7.08637, 0.804398)
(4.82639, -10.1507, 0.344742)
(2.03015, -9.65278, 0.114914)
(2.22167, -7.66094, 0.153219)
(2.06845, -7.62263, 0.919312)
(3.37081, -9.23143, 1.03423)
(4.55826, -13.7131, 1.83862)
(1.99184, -5.40096, 2.41319)
(3.56234, -11.1084, 1.34066)
(3.37081, -7.3928, 1.80032)
(3.79216, -5.78401, 0.804398)
(4.0603, -6.5118, 1.03423)
(4.40504, -12.6022, 0.842703)
(2.87285, -7.04806, 1.49388)
(2.87285, -9.30804, -0.191523)
(3.14098, -10.2657, 0.0383047)
(3.02607, -8.61855, 0.57457)
(2.75794, -9.07821, 0.191523)
(2.79624, -9.61448, -0.0766094)
(2.94946, -9.15482, 0.0766094)
(3.06437, -9.07821, -0.344742)
(2.91116, -8.50364, 1.03423)
(4.32843, -9.53786, 3.40912)
(3.40912, -8.1972, 1.76202)
(4.55826, -7.12467, 1.95354)
(4.55826, -6.85654, 1.6471)
(4.67317, -8.08229, 2.22167)
(5.40096, -9.65278, 2.18337)
(3.40912, -8.38873, 1.91523)
(5.17113, -8.12059, 0.268133)
(5.24774, -7.3928, 0.65118)
(3.63894, -8.04398, 0.421352)
(3.94538, -6.77993, 1.11084)
(4.97961, -7.73755, 1.49388)
(5.24774, -12.7555, 1.14914)
(5.28605, -7.66094, 0.881008)
(4.51995, -8.31211, 0.268133)
(4.51995, -7.12467, 1.26405)
(4.40504, -7.73755, 1.45558)
(4.74978, -9.53786, 1.34066)
(4.36673, -9.65278, 0.536266)
(2.68133, -8.12059, 0.114914)
(3.75386, -9.69109, -0.0383047)
(3.79216, -8.08229, 0.383047)
(2.10676, -7.3928, 1.26405)
(2.79624, -8.88668, 1.03423)
(5.66909, -13.0236, -0.497961)
(3.71555, -8.08229, 1.18745)
(2.14506, -8.27381, 2.25998)
(4.0603, -7.66094, 1.68541)
(3.44742, -7.66094, 2.22167)
(3.33251, -8.23551, 2.29828)
(7.12467, -12.1043, 3.67725)
(1.72371, -6.89484, -0.689484)
(3.71555, -8.12059, 0.919312)
(2.83455, -9.03991, 0.766094)
(2.87285, -8.23551, 1.37897)
(2.41319, -7.77585, 2.4515)
(2.18337, -8.61855, 2.18337)
(4.0986, -12.4873, 0.57457)
(3.2942, -8.42703, 0.804398)
(2.52811, -7.50772, 0.459656)
(4.0986, -8.00568, 0.57457)
(6.89484, -8.00568, 2.52811)
(6.66501, -9.15482, 3.2942)
(5.89892, -8.96329, 2.37489)
(5.51587, -7.16298, 0.65118)
(4.48165, -8.65686, 0.0766094)
(4.78809, -6.66501, 0.766094)
(5.28605, -7.66094, 0.57457)
(5.51587, -8.50364, 0.766094)
(5.93723, -11.2233, 0.459656)
(5.7457, -7.54602, 2.03015)
(2.98777, -8.35042, 0.919312)
(4.13691, -7.54602, 1.45558)
(4.36673, -6.97145, 1.41727)
(4.32843, -7.85246, 1.45558)
(3.83047, -13.1768, 1.83862)
(2.4515, -6.43519, 0.536266)
(4.71148, -8.84838, 0.57457)
(4.74978, -8.81008, 0.842703)
(3.79216, -7.54602, 0.957617)
(3.75386, -8.50364, 0.995922)
(4.13691, -12.5256, 1.14914)
(3.14098, -6.5501, 1.95354)
(1.95354, -9.76769, 0.497961)
(2.14506, -7.58433, 1.6471)
(2.75794, -8.1972, 0.957617)
(2.79624, -9.15482, 1.18745)
(3.60064, -13.5216, 0.57457)
(3.10268, -7.31619, 0.766094)
(4.02199, -8.54194, 0.191523)
(3.21759, -10.1124, 0.0766094)
(2.83455, -8.35042, 0.344742)
(2.71963, -8.31211, 0.727789)
(2.79624, -8.88668, 0.421352)
(2.75794, -8.12059, 2.4515)
(2.71963, -9.30804, 0.421352)
(2.25998, -8.65686, 0.995922)
(3.44742, -8.46534, 1.30236)
(4.40504, -9.30804, 1.22575)
(4.82639, -9.19312, 0.881008)
(5.36266, -11.3765, 0.421352)
(3.44742, -7.04806, 0.65118)
(3.33251, -10.8785, 0.536266)
(2.64302, -9.57617, 0.268133)
(2.14506, -7.92907, 0.957617)
(2.60472, -8.31211, 1.45558)
(3.94538, -6.62671, 1.37897)
(3.63894, -8.46534, 1.76202)
(3.2559, -9.53786, 1.22575)
(3.33251, -9.57617, 1.07253)
(4.21351, -7.62263, 1.18745)
(3.56234, -7.54602, 1.14914)
(4.02199, -8.96329, 0.57457)
(4.48165, -9.72939, 0.689484)
(3.86877, -8.54194, 0.65118)
(2.4515, -9.806, 0.421352)
(2.41319, -8.61855, 0.497961)
(1.72371, -8.65686, 0.497961)
(1.87693, -8.92499, 0.536266)
(2.56641, -10.8785, 0.612875)
(2.37489, -8.50364, 1.99184)
(2.37489, -8.08229, 1.83862)
(2.14506, -8.12059, 0.881008)
(3.83047, -8.65686, 1.6471)
(4.0986, -7.85246, 0.957617)
(4.74978, -13.5216, 0.804398)
(2.56641, -7.31619, 0.306437)
(3.48573, -9.57617, 0.57457)
(3.02607, -9.69109, 0.421352)
(3.10268, -8.42703, 1.07253)
(3.17929, -6.85654, 1.45558)
(2.98777, -6.97145, 1.26405)
(4.0603, -11.6829, 0.881008)
(3.33251, -7.66094, 1.76202)
(3.44742, -9.8443, 0.383047)
(3.52403, -8.81008, 0.957617)
(4.21351, -8.50364, 0.957617)
(3.86877, -7.50772, 1.37897)
(3.2559, -9.11651, 1.22575)
(4.903, -11.4531, 1.76202)
(2.14506, -7.3545, 0.536266)
(2.03015, -10.2657, 0.536266)
(2.25998, -8.88668, 0.497961)
(2.94946, -8.08229, 1.22575)
(4.71148, -9.30804, 1.83862)
(4.0986, -8.46534, 1.72371)
(4.25182, -7.23959, 2.18337)
(3.63894, -7.62263, 1.72371)
(4.44334, -6.5118, 3.06437)
(7.54602, -7.85246, 0.804398)
(3.86877, -5.24774, 3.79216)
(3.79216, -7.62263, 3.10268)
(4.13691, -6.39688, 2.33659)
(6.28197, -8.88668, 1.95354)
(4.0986, -8.69516, 0.995922)
(4.48165, -7.66094, 1.11084)
(4.40504, -8.88668, 1.07253)
(4.29012, -8.73347, 0.536266)
(5.89892, -7.3928, 1.95354)
(4.63487, -7.54602, 1.6471)
(6.09044, -6.62671, 2.29828)
(6.12875, -7.66094, 3.44742)
(5.32435, -7.16298, 3.02607)
(6.5118, -9.92091, 1.6471)
(3.63894, -7.23959, 0.842703)
(3.79216, -7.81416, 0.57457)
(3.44742, -8.23551, 0.536266)
(3.06437, -8.00568, 1.53219)
(3.40912, -8.61855, 2.06845)
(4.32843, -9.57617, 1.87693)
(5.78401, -8.58025, 1.6088)
(1.53219, -5.7074, -0.57457)
(3.56234, -8.1589, 1.34066)
(2.98777, -8.27381, 0.689484)
(2.91116, -8.61855, 1.95354)
(2.60472, -9.38465, 1.57049)
(4.55826, -11.7212, 1.34066)
(2.18337, -7.08637, 0.421352)
(2.75794, -9.53786, 0.536266)
(2.60472, -8.38873, 0.57457)
(2.60472, -7.85246, 1.68541)
(3.2559, -9.0016, 2.06845)
(5.66909, -12.3724, -0.268133)
(7.00976, -4.29012, 0.57457)
(6.89484, -9.99752, -0.766094)
(3.06437, -9.806, -0.995922)
(1.07253, -9.38465, -1.49388)
(2.33659, -9.03991, -0.114914)
(3.2942, -9.34634, 0.191523)
(3.63894, -13.1002, 0.497961)
(3.17929, -6.32027, -0.306437)
(4.59656, -9.49956, -0.65118)
(4.63487, -8.46534, 0.0383047)
(3.44742, -7.85246, 0.497961)
(3.14098, -8.69516, 0.881008)
(4.25182, -10.2657, 1.80032)
(2.60472, -9.49956, 0.191523)
(2.64302, -6.81823, 1.11084)
(2.98777, -7.16298, 1.07253)
(2.94946, -7.00976, 2.41319)
(4.71148, -9.57617, 2.41319)
(4.71148, -10.9934, 0.727789)
(3.21759, -9.11651, 0.229828)
(2.10676, -8.84838, 0.727789)
(1.91523, -7.43111, 1.18745)
(2.37489, -7.77585, 0.57457)
(2.56641, -8.04398, 0.191523)
(4.74978, -9.69109, -0.153219)
(5.17113, -7.85246, 0.612875)
(3.98369, -7.08637, 1.22575)
(3.90708, -6.05214, 1.76202)
(4.82639, -6.16705, 1.6471)
(6.39688, -7.58433, 2.10676)
(5.28605, -8.42703, 0.727789)
(5.28605, -9.42295, 3.2559)
(7.81416, -7.85246, 5.24774)
(4.82639, -5.82231, 5.32435)
(4.82639, -4.55826, 4.25182)
(4.71148, -3.71555, 7.43111)
(4.9413, -3.17929, 9.0016)
(4.71148, -3.10268, 8.27381)
(4.40504, -2.98777, 8.54194)
(4.25182, -2.71963, 7.81416)
(4.29012, -2.33659, 9.07821)
(4.02199, -3.40912, 8.12059)
(5.09452, -3.21759, 7.92907)
(4.82639, -3.71555, 7.81416)
(5.09452, -3.37081, 7.69924)
(4.903, -3.21759, 7.89076)
(4.97961, -3.02607, 7.58433)
(4.9413, -3.02607, 7.85246)
(4.82639, -3.2942, 7.46941)
(4.63487, -3.06437, 7.77585)
(4.9413, -3.17929, 7.43111)
(5.28605, -3.2559, 7.58433)
(4.9413, -2.68133, 7.73755)
(5.13283, -3.33251, 7.81416)
(4.97961, -3.2559, 7.54602)
(4.9413, -3.02607, 7.69924)
(5.09452, -2.91116, 7.66094)
(5.17113, -3.37081, 7.54602)
(5.28605, -3.33251, 7.66094)
(5.17113, -2.83455, 7.66094)
(5.40096, -2.79624, 7.46941)
(5.20944, -3.21759, 7.3928)
(5.13283, -3.14098, 7.81416)
(5.28605, -2.91116, 7.54602)
(5.32435, -3.02607, 7.58433)
(5.05622, -2.98777, 7.77585)
(5.20944, -2.98777, 7.77585)
(5.32435, -3.10268, 7.31619)
(5.55418, -2.68133, 7.81416)
(5.59248, -3.02607, 7.73755)
(5.36266, -2.75794, 7.54602)
(5.7457, -3.06437, 7.58433)
(4.82639, -3.21759, 7.46941)
(5.01791, -2.94946, 7.31619)
(5.63079, -2.68133, 7.3928)
(5.55418, -2.56641, 7.50772)
(5.43926, -2.94946, 7.46941)
(5.55418, -2.94946, 7.62263)
(5.7457, -2.98777, 7.58433)
(5.78401, -2.71963, 7.27789)
(5.82231, -2.75794, 7.50772)
(5.51587, -2.75794, 7.08637)
(5.55418, -2.87285, 7.3928)
(5.13283, -3.02607, 7.89076)
(5.20944, -2.64302, 7.81416)
(5.32435, -2.68133, 7.85246)
(5.63079, -2.79624, 7.3545)
(5.24774, -2.94946, 7.69924)
(5.17113, -2.87285, 7.73755)
(5.43926, -2.71963, 7.54602)
(5.32435, -2.75794, 7.58433)
(5.51587, -2.94946, 8.00568)
(5.36266, -2.83455, 7.62263)
(5.28605, -2.71963, 7.3928)
(5.43926, -2.68133, 7.69924)
(4.97961, -3.02607, 7.66094)
(4.9413, -2.98777, 7.66094)
(4.86469, -2.64302, 8.1972)
(4.13691, -3.2942, 8.04398)
(4.44334, -2.83455, 8.12059)
(4.48165, -2.91116, 8.1972)
(4.32843, -3.2559, 8.38873)
(4.48165, -3.10268, 9.03991)
(3.10268, -3.10268, 8.96329)
(4.13691, -2.79624, 8.42703)
(5.24774, -3.79216, 8.00568)
(4.86469, -2.68133, 8.92499)
(2.64302, -3.67725, 8.81008)
(3.75386, -2.52811, 9.03991)
(2.79624, -3.48573, 7.96737)
(3.71555, -2.22167, 8.96329)
(3.75386, -2.64302, 9.49956)
(4.13691, -2.25998, 7.73755)
(3.52403, -2.4515, 9.26973)
(4.74978, -1.41727, 9.30804)
(3.90708, -2.10676, 9.46126)
(5.32435, -1.6088, 8.23551)
(4.25182, -1.6471, 8.50364)
(4.13691, -2.14506, 8.61855)
(4.17521, -2.60472, 8.88668)
(4.63487, -1.49388, 8.65686)
(5.32435, -3.06437, 7.31619)
(5.01791, -2.37489, 7.3928)
(4.13691, -3.44742, 8.23551)
(4.0986, -1.91523, 7.23959)
(3.56234, -3.52403, 8.42703)
(4.29012, -1.03423, 7.08637)
(2.4898, -4.71148, 6.97145)
(2.60472, -2.60472, 9.03991)
(2.56641, -1.99184, 9.38465)
(2.71963, -2.87285, 9.03991)
(3.60064, -2.33659, 8.92499)
(3.83047, -2.03015, 9.15482)
(3.60064, -2.14506, 8.81008)
(4.17521, -2.37489, 8.27381)
(4.48165, -2.18337, 8.38873)
(4.40504, -2.22167, 8.31211)
(4.0603, -2.37489, 8.04398)
(5.13283, -2.03015, 8.1589)
(5.05622, -2.37489, 7.96737)
(4.9413, -2.14506, 8.00568)
(4.82639, -2.37489, 8.1972)
(5.28605, -2.71963, 8.04398)
(4.903, -2.29828, 8.04398)
(4.97961, -2.25998, 8.1589)
(4.97961, -2.29828, 8.12059)
(4.78809, -2.41319, 8.12059)
(4.86469, -2.64302, 8.08229)
(5.01791, -2.37489, 7.89076)
(5.01791, -2.22167, 8.08229)
(4.82639, -2.33659, 8.23551)
(5.13283, -2.29828, 8.00568)
(5.09452, -2.4515, 7.89076)
(5.09452, -2.33659, 8.08229)
(4.71148, -2.37489, 8.31211)
(4.71148, -2.37489, 8.1972)
(4.67317, -2.29828, 8.08229)
(4.59656, -2.52811, 8.38873)
(4.86469, -2.33659, 8.1972)
(4.82639, -2.4898, 8.27381)
(4.903, -2.29828, 8.1972)
(4.74978, -2.41319, 8.12059)
(5.32435, -2.41319, 7.73755)
(5.32435, -2.33659, 7.92907)
(4.82639, -2.52811, 8.12059)
(4.78809, -2.79624, 7.96737)
(4.97961, -2.37489, 8.04398)
(4.9413, -2.29828, 8.12059)
(5.13283, -2.4898, 7.96737)
(4.9413, -2.64302, 8.04398)
(5.20944, -2.56641, 7.85246)
(5.17113, -2.4515, 8.00568)
(4.97961, -2.4898, 7.96737)
(5.09452, -2.60472, 7.85246)
(5.13283, -2.56641, 7.96737)
(5.05622, -2.64302, 8.00568)
(5.09452, -2.4515, 7.92907)
(5.09452, -2.64302, 7.92907)
(5.01791, -2.60472, 8.23551)
(5.05622, -2.56641, 8.00568)
(5.09452, -2.4515, 7.96737)
(4.903, -2.37489, 8.04398)
(4.97961, -2.71963, 7.85246)
(5.01791, -2.56641, 8.00568)
(4.903, -2.68133, 7.81416)
(5.13283, -2.60472, 8.00568)
(4.67317, -2.68133, 8.08229)
(5.05622, -2.60472, 7.92907)
(5.09452, -2.4898, 7.92907)
(5.01791, -2.56641, 8.04398)
(4.97961, -2.4515, 8.23551)
(4.9413, -2.75794, 7.89076)
(4.97961, -2.37489, 8.00568)
(4.71148, -2.75794, 7.77585)
(4.97961, -2.33659, 8.1972)
(4.97961, -2.68133, 8.04398)
(4.9413, -2.4898, 8.12059)
(5.05622, -2.68133, 8.04398)
(4.97961, -2.68133, 7.92907)
(4.97961, -2.41319, 7.92907)
(4.97961, -2.52811, 7.92907)
(5.05622, -2.52811, 7.81416)
(5.05622, -2.56641, 8.12059)
(5.09452, -2.68133, 8.04398)
(4.78809, -2.75794, 8.12059)
(4.74978, -2.33659, 8.00568)
(5.01791, -2.56641, 8.12059)
(4.78809, -2.56641, 8.00568)
(4.86469, -2.56641, 7.92907)
(4.903, -2.4898, 8.04398)
(4.82639, -2.60472, 7.81416)
(4.903, -2.52811, 7.85246)
(5.05622, -2.4898, 8.08229)
(4.903, -2.4515, 7.77585)
(5.13283, -2.37489, 7.96737)
(5.05622, -2.33659, 8.04398)
(5.01791, -2.60472, 7.92907)
(4.97961, -2.4515, 7.73755)
(4.86469, -2.37489, 7.89076)
(5.17113, -2.56641, 7.96737)
(5.01791, -2.56641, 8.04398)
(5.01791, -2.64302, 8.08229)
(4.9413, -2.4515, 7.92907)
(5.01791, -2.52811, 8.00568)
(4.903, -2.52811, 7.81416)
(4.97961, -2.60472, 7.92907)
(4.86469, -2.56641, 8.08229)
(5.09452, -2.41319, 7.77585)
(5.09452, -2.4898, 7.81416)
(4.9413, -2.60472, 7.85246)
(5.05622, -2.52811, 7.96737)
(4.97961, -2.60472, 8.08229)
(5.01791, -2.37489, 8.04398)
(5.05622, -2.56641, 7.85246)
(4.9413, -2.56641, 7.66094)
(5.01791, -2.64302, 7.96737)
(5.01791, -2.41319, 8.1589)
(5.05622, -2.4898, 8.00568)
(4.86469, -2.4898, 7.89076)
(5.17113, -2.52811, 7.96737)
(5.13283, -2.56641, 7.81416)
(5.17113, -2.4515, 8.27381)
(5.01791, -2.68133, 7.81416)
(5.05622, -2.4898, 7.92907)
(4.903, -2.60472, 7.92907)
(5.17113, -2.60472, 7.96737)
(4.903, -2.68133, 8.00568)
(5.05622, -2.68133, 8.08229)
(4.86469, -2.52811, 8.12059)
(4.9413, -2.52811, 7.81416)
(5.09452, -2.29828, 7.85246)
(5.20944, -2.56641, 7.85246)
(5.28605, -2.29828, 8.00568)
(5.05622, -2.79624, 7.66094)
(5.59248, -2.25998, 7.73755)
(5.20944, -2.29828, 7.77585)
(5.43926, -2.4898, 7.69924)
(5.59248, -2.52811, 7.66094)
(5.55418, -2.33659, 7.96737)
(5.13283, -2.25998, 7.73755)
(5.24774, -2.29828, 7.89076)
(5.01791, -2.41319, 8.12059)
(5.24774, -2.4515, 7.81416)
(5.09452, -2.37489, 7.81416)
(5.28605, -2.60472, 7.54602)
(5.40096, -2.4515, 7.85246)
(5.13283, -2.37489, 7.81416)
(5.20944, -2.41319, 7.89076)
(5.24774, -2.4898, 7.81416)
(5.17113, -2.37489, 7.96737)
(5.17113, -2.29828, 7.77585)
(5.17113, -2.52811, 7.96737)
(5.09452, -2.4515, 8.00568)
(5.20944, -2.37489, 7.85246)
(5.24774, -2.37489, 7.85246)
(5.13283, -2.52811, 7.89076)
(5.17113, -2.4898, 7.81416)
(5.24774, -2.4898, 7.89076)
(5.13283, -2.41319, 7.92907)
(5.36266, -2.37489, 7.92907)
(5.09452, -2.29828, 7.96737)
(5.20944, -2.4515, 7.73755)
(5.17113, -2.4515, 7.96737)
(5.17113, -2.37489, 7.73755)
(5.17113, -2.4515, 7.89076)
(5.24774, -2.4898, 7.92907)
(5.32435, -2.37489, 8.35042)
(5.20944, -2.4898, 7.77585)
(5.17113, -2.4515, 7.96737)
(5.24774, -2.4898, 7.81416)
(5.24774, -2.52811, 7.85246)
(5.01791, -2.41319, 7.69924)
(5.24774, -2.52811, 8.00568)
(5.24774, -2.37489, 7.92907)
(5.13283, -2.4515, 7.96737)
(5.17113, -2.4898, 7.89076)
(5.05622, -2.4898, 8.08229)
(5.13283, -2.4898, 7.89076)
(5.17113, -2.4898, 7.85246)
(5.17113, -2.4898, 7.96737)
(5.24774, -2.4515, 7.81416)
(5.17113, -2.37489, 8.00568)
(5.24774, -2.4898, 7.92907)
(5.40096, -2.4898, 7.89076)
(5.09452, -2.33659, 7.92907)
(5.24774, -2.4515, 7.89076)
(5.28605, -2.41319, 8.04398)
(5.28605, -2.37489, 7.81416)
(5.24774, -2.29828, 7.66094)
(5.28605, -2.60472, 7.62263)
(5.28605, -2.37489, 7.77585)
(5.43926, -2.37489, 7.73755)
(5.40096, -2.29828, 7.85246)
(5.55418, -2.37489, 7.66094)
(5.36266, -2.18337, 7.81416)
(5.43926, -2.4515, 7.73755)
(5.59248, -2.37489, 7.85246)
(5.47757, -2.25998, 7.69924)
(5.40096, -2.33659, 7.69924)
(5.28605, -2.41319, 7.77585)
(5.13283, -2.33659, 7.69924)
(5.47757, -2.4515, 7.89076)
(5.36266, -2.4898, 7.89076)
(5.43926, -2.29828, 7.89076)
(5.47757, -2.41319, 7.54602)
(5.32435, -2.33659, 7.77585)
(5.24774, -2.56641, 7.50772)
(5.43926, -2.4515, 7.73755)
(5.13283, -2.75794, 7.66094)
(5.17113, -2.4898, 8.00568)
(5.47757, -2.33659, 7.89076)
(5.32435, -2.4515, 7.92907)
(5.36266, -2.33659, 7.69924)
(5.36266, -2.4515, 7.81416)
(5.47757, -2.29828, 7.89076)
(5.7074, -2.29828, 7.66094)
(5.55418, -2.41319, 7.58433)
(5.43926, -2.29828, 7.77585)
(5.63079, -2.37489, 7.50772)
(5.7074, -2.22167, 7.66094)
(5.78401, -2.29828, 7.73755)
(5.24774, -2.33659, 7.58433)
(5.59248, -2.37489, 7.66094)
(5.43926, -2.41319, 7.69924)
(5.43926, -2.33659, 7.73755)
(5.55418, -2.37489, 7.77585)
(5.51587, -2.25998, 7.62263)
(5.7074, -2.37489, 7.66094)
(5.51587, -2.41319, 7.85246)
(5.59248, -2.25998, 7.69924)
(5.28605, -2.41319, 7.89076)
(5.43926, -2.33659, 7.69924)
(5.51587, -2.33659, 7.69924)
(5.63079, -2.37489, 7.58433)
(5.47757, -2.41319, 7.73755)
(5.36266, -2.56641, 7.66094)
(5.36266, -2.4898, 7.73755)
(5.7074, -2.22167, 7.81416)
(5.7074, -2.4515, 7.66094)
(5.55418, -2.56641, 7.43111)
(5.43926, -2.4515, 7.77585)
(5.47757, -2.41319, 7.96737)
(5.51587, -2.4515, 7.73755)
(5.28605, -2.4515, 7.46941)
(5.51587, -2.29828, 7.77585)
(5.43926, -2.37489, 7.73755)
(5.28605, -2.41319, 7.81416)
(5.36266, -2.4898, 7.85246)
(5.63079, -2.4898, 7.77585)
(5.36266, -2.60472, 7.50772)
(5.32435, -2.37489, 7.73755)
(5.66909, -2.4898, 7.3928)
(5.63079, -2.56641, 7.62263)
(5.55418, -2.60472, 7.69924)
(5.47757, -2.4898, 7.50772)
(5.40096, -2.4898, 7.54602)
(5.59248, -2.64302, 7.66094)
(5.63079, -2.56641, 7.62263)
(5.47757, -2.60472, 7.46941)
(5.63079, -2.37489, 7.62263)
(5.66909, -2.41319, 7.58433)
(5.86062, -2.4898, 7.77585)
(5.66909, -2.4515, 7.62263)
(5.7457, -2.56641, 7.81416)
(5.66909, -2.4898, 7.54602)
(5.51587, -2.4898, 7.62263)
(5.63079, -2.60472, 7.27789)
(5.63079, -2.52811, 7.69924)
(5.51587, -2.56641, 7.43111)
(5.59248, -2.41319, 7.54602)
(5.55418, -2.52811, 7.54602)
(5.59248, -2.52811, 7.62263)
(5.78401, -2.4515, 7.46941)
(5.7074, -2.60472, 7.54602)
(5.82231, -2.4515, 7.62263)
(5.63079, -2.4515, 7.66094)
(5.63079, -2.4898, 7.50772)
(5.7074, -2.4515, 7.73755)
(5.78401, -2.60472, 7.46941)
(5.7074, -2.25998, 7.31619)
(5.82231, -2.29828, 7.54602)
(5.78401, -2.60472, 7.58433)
(5.55418, -2.4515, 7.54602)
(5.7074, -2.4515, 7.58433)
(5.7074, -2.37489, 7.3928)
(5.55418, -2.56641, 7.31619)
(5.7074, -2.56641, 7.50772)
(5.63079, -2.33659, 7.43111)
(5.7457, -2.52811, 7.31619)
(5.59248, -2.56641, 7.69924)
(5.78401, -2.4898, 7.3545)
(5.78401, -2.41319, 7.43111)
(5.82231, -2.60472, 7.3545)
(5.66909, -2.4515, 7.85246)
(5.66909, -2.37489, 7.46941)
(5.89892, -2.52811, 7.58433)
(5.78401, -2.4898, 7.3928)
(5.82231, -2.33659, 7.62263)
(5.7457, -2.60472, 7.43111)
(5.82231, -2.52811, 7.50772)
(5.63079, -2.4515, 7.54602)
(5.78401, -2.41319, 7.54602)
(5.66909, -2.56641, 7.69924)
(5.59248, -2.56641, 7.58433)
(5.7457, -2.4898, 7.46941)
(5.82231, -2.52811, 7.54602)
(5.97553, -2.37489, 7.50772)
(5.63079, -2.4515, 7.46941)
(5.82231, -2.52811, 7.3545)
(5.7457, -2.4515, 7.46941)
(5.82231, -2.68133, 7.43111)
(5.86062, -2.4515, 7.46941)
(5.66909, -2.41319, 7.58433)
(5.7457, -2.52811, 7.3545)
(5.66909, -2.52811, 7.3545)
(5.7457, -2.52811, 7.27789)
(5.66909, -2.52811, 7.58433)
(5.89892, -2.4898, 7.62263)
(5.7457, -2.41319, 7.54602)
(5.7457, -2.4898, 7.43111)
(5.97553, -2.52811, 7.62263)
(5.78401, -2.4515, 7.43111)
(5.78401, -2.33659, 7.3928)
(5.78401, -2.4515, 7.3928)
(5.7074, -2.4898, 7.46941)
(5.93723, -2.52811, 7.54602)
(5.7074, -2.4898, 7.46941)
(5.7074, -2.4515, 7.54602)
(5.93723, -2.33659, 7.27789)
(5.89892, -2.33659, 7.50772)
(5.7457, -2.52811, 7.43111)
(5.82231, -2.41319, 7.43111)
(5.7457, -2.37489, 7.69924)
(5.78401, -2.25998, 7.46941)
(5.59248, -2.52811, 7.43111)
(5.89892, -2.22167, 8.00568)
(5.7457, -2.56641, 7.3928)
(5.66909, -2.68133, 7.46941)
(5.66909, -2.25998, 7.92907)
(5.63079, -2.52811, 7.50772)
(5.47757, -2.41319, 7.3545)
(5.32435, -2.83455, 7.31619)
(5.51587, -2.41319, 7.96737)
(5.59248, -2.41319, 7.77585)
(5.28605, -2.52811, 7.69924)
(5.63079, -2.4515, 7.58433)
(5.55418, -2.56641, 7.62263)
(5.47757, -2.60472, 7.62263)
(5.43926, -2.25998, 7.85246)
(5.36266, -2.60472, 7.92907)
(5.63079, -2.71963, 7.73755)
(5.66909, -2.18337, 7.85246)
(5.63079, -2.56641, 7.3545)
(5.7074, -2.4515, 8.08229)
(5.40096, -2.64302, 7.73755)
(5.43926, -2.29828, 7.43111)
(5.47757, -2.68133, 7.54602)
(5.36266, -2.29828, 7.77585)
(5.40096, -2.64302, 7.62263)
(5.66909, -2.52811, 7.73755)
(5.51587, -2.29828, 7.81416)
(5.55418, -2.64302, 7.66094)
(5.43926, -2.64302, 7.77585)
(5.40096, -2.4898, 7.69924)
(5.63079, -2.41319, 7.77585)
(5.66909, -2.41319, 7.69924)
(5.47757, -2.75794, 7.46941)
(5.40096, -2.33659, 7.73755)
(5.36266, -2.60472, 7.20128)
(5.51587, -2.29828, 7.46941)
(5.43926, -2.4898, 7.54602)
(5.17113, -2.29828, 7.62263)
(5.82231, -2.4898, 7.31619)
(5.93723, -2.18337, 7.54602)
(5.86062, -2.25998, 7.3928)
(5.7457, -2.22167, 7.27789)
(6.05214, -2.29828, 7.31619)
(6.09044, -2.25998, 7.08637)
(6.05214, -2.10676, 7.04806)
(5.89892, -2.41319, 7.31619)
(5.97553, -2.25998, 7.50772)
(5.89892, -2.41319, 7.31619)
(5.82231, -2.22167, 7.23959)
(6.24366, -2.33659, 7.54602)
(5.89892, -2.4898, 7.3545)
(5.82231, -2.29828, 7.54602)
(5.93723, -2.37489, 7.31619)
(5.97553, -2.37489, 7.43111)
(5.89892, -2.29828, 7.3928)
(5.89892, -2.33659, 7.69924)
(5.97553, -2.14506, 7.31619)
(5.89892, -2.33659, 7.20128)
(5.89892, -2.25998, 7.43111)
(6.01384, -2.22167, 7.3545)
(5.82231, -2.37489, 7.04806)
(5.89892, -2.29828, 7.46941)
(5.97553, -2.41319, 7.54602)
(5.86062, -2.37489, 7.3928)
(6.01384, -2.41319, 7.31619)
(5.86062, -2.41319, 7.27789)
(5.89892, -2.29828, 7.3545)
(5.66909, -2.33659, 7.77585)
(5.86062, -2.29828, 7.43111)
(5.86062, -2.41319, 7.3928)
(5.82231, -2.4515, 7.58433)
(5.7457, -2.4515, 7.3928)
(5.86062, -2.37489, 7.3545)
(5.82231, -2.29828, 7.58433)
(6.16705, -2.37489, 7.66094)
(6.01384, -2.4898, 7.43111)
(5.63079, -2.4898, 7.3545)
(5.82231, -2.41319, 7.46941)
(5.86062, -2.25998, 7.62263)
(5.7074, -2.41319, 7.3545)
(5.59248, -2.4898, 7.27789)
(5.86062, -2.41319, 7.23959)
(5.78401, -2.29828, 7.69924)
(5.78401, -2.4515, 7.3545)
(5.86062, -2.29828, 7.00976)
(5.86062, -2.33659, 7.3928)
(5.86062, -2.60472, 7.3928)
(5.89892, -2.4515, 7.3545)
(5.7457, -2.41319, 7.50772)
(5.97553, -2.4898, 7.31619)
(5.82231, -2.33659, 7.62263)
(5.82231, -2.56641, 7.20128)
(5.97553, -2.25998, 7.58433)
(5.86062, -2.4898, 7.50772)
(5.93723, -2.4515, 7.43111)
(5.7074, -2.52811, 7.04806)
(5.97553, -2.4515, 7.46941)
(5.86062, -2.52811, 7.3545)
(5.93723, -2.41319, 7.23959)
(5.82231, -2.4515, 7.27789)
(5.7074, -2.37489, 7.43111)
(5.86062, -2.41319, 7.31619)
(5.89892, -2.56641, 7.31619)
(5.97553, -2.4515, 7.50772)
(5.86062, -2.41319, 7.43111)
(5.89892, -2.4515, 7.23959)
(5.82231, -2.4898, 7.16298)
(5.7074, -2.4515, 7.3545)
(5.82231, -2.4898, 7.3928)
(5.82231, -2.52811, 7.31619)
(5.89892, -2.41319, 7.31619)
(5.86062, -2.56641, 7.3545)
(5.82231, -2.29828, 7.31619)
(5.86062, -2.4515, 7.31619)
(5.78401, -2.37489, 7.20128)
(5.86062, -2.29828, 7.23959)
(5.7074, -2.4898, 7.43111)
(5.86062, -2.33659, 7.43111)
(6.05214, -2.37489, 7.12467)
(5.86062, -2.29828, 7.23959)
(5.82231, -2.41319, 7.3545)
(5.78401, -2.33659, 7.43111)
(5.97553, -2.25998, 7.43111)
(5.89892, -2.29828, 7.3545)
(5.89892, -2.4898, 7.08637)
(6.01384, -2.37489, 7.3928)
(5.93723, -2.37489, 7.3545)
(5.97553, -2.33659, 7.3545)
(5.86062, -2.37489, 7.3545)
(6.01384, -2.33659, 7.23959)
(5.93723, -2.33659, 7.3545)
(6.12875, -2.25998, 7.3545)
(5.82231, -2.4515, 7.43111)
(6.05214, -2.18337, 7.23959)
(5.93723, -2.37489, 7.43111)
(5.97553, -2.52811, 7.3545)
(6.05214, -2.41319, 7.31619)
(6.09044, -2.33659, 7.31619)
(5.93723, -2.41319, 7.27789)
(5.89892, -2.33659, 7.43111)
(5.97553, -2.41319, 7.23959)
(5.93723, -2.33659, 7.3545)
(5.97553, -2.33659, 7.3545)
(6.01384, -2.37489, 7.04806)
(5.93723, -2.33659, 7.43111)
(5.97553, -2.52811, 7.20128)
(6.01384, -2.22167, 7.31619)
(5.97553, -2.4515, 7.08637)
(5.97553, -2.18337, 7.31619)
(5.97553, -2.25998, 7.43111)
(6.09044, -2.29828, 7.23959)
(5.97553, -2.33659, 7.3545)
(5.82231, -2.4515, 7.3928)
(6.05214, -2.29828, 7.12467)
(6.05214, -2.25998, 7.16298)
(5.97553, -2.4515, 7.69924)
(6.01384, -2.29828, 7.20128)
(6.09044, -2.25998, 7.3545)
(6.01384, -2.29828, 7.23959)
(6.05214, -2.37489, 7.04806)
(6.05214, -2.25998, 7.04806)
(6.20536, -2.4515, 7.08637)
(6.28197, -2.37489, 7.27789)
(6.20536, -2.25998, 7.23959)
(6.20536, -2.37489, 7.12467)
(6.28197, -2.33659, 7.12467)
(6.5118, -2.22167, 7.08637)
(6.16705, -2.56641, 7.04806)
(6.09044, -2.33659, 7.20128)
(6.12875, -2.25998, 7.20128)
(6.01384, -2.37489, 7.00976)
(5.97553, -2.4515, 7.27789)
(6.20536, -2.41319, 7.04806)
(6.09044, -2.18337, 7.08637)
(6.16705, -2.4898, 7.23959)
(6.01384, -2.56641, 7.20128)
(6.20536, -2.37489, 7.16298)
(6.16705, -2.25998, 7.12467)
(6.28197, -2.4515, 6.97145)
(6.16705, -2.4515, 7.23959)
(6.09044, -2.68133, 7.27789)
(5.78401, -2.4898, 7.43111)
(5.93723, -2.22167, 7.31619)
(6.24366, -2.52811, 6.74162)
(6.05214, -2.4515, 7.43111)
(5.86062, -2.64302, 7.43111)
(6.01384, -2.52811, 7.20128)
(6.16705, -2.33659, 7.23959)
(5.93723, -2.56641, 7.3928)
(6.09044, -2.37489, 7.16298)
(5.7074, -2.4898, 7.16298)
(6.01384, -2.37489, 7.23959)
(5.93723, -2.29828, 7.12467)
(5.89892, -2.37489, 7.23959)
(5.78401, -2.41319, 7.31619)
(6.12875, -2.25998, 7.3545)
(6.24366, -2.4515, 7.16298)
(6.12875, -2.37489, 7.27789)
(5.97553, -2.4515, 7.16298)
(6.01384, -2.37489, 7.3928)
(6.12875, -2.64302, 7.12467)
(6.28197, -2.4515, 7.23959)
(6.09044, -2.4515, 7.23959)
(5.97553, -2.25998, 7.3545)
(6.20536, -2.75794, 6.97145)
(5.86062, -2.22167, 7.50772)
(5.89892, -2.75794, 7.27789)
(6.09044, -2.71963, 6.97145)
(5.82231, -2.29828, 7.54602)
(5.93723, -2.75794, 6.97145)
(5.82231, -2.64302, 7.62263)
(5.89892, -2.52811, 7.46941)
(6.24366, -2.68133, 7.04806)
(6.16705, -2.94946, 6.93315)
(5.51587, -3.06437, 7.16298)
(5.43926, -2.91116, 7.77585)
(5.66909, -2.68133, 7.77585)
(5.66909, -3.33251, 7.3545)
(5.7074, -3.17929, 7.3928)
(6.05214, -3.10268, 7.31619)
(5.7074, -3.10268, 7.27789)
(5.78401, -3.02607, 7.08637)
(5.82231, -3.17929, 7.12467)
(5.7074, -2.94946, 6.97145)
(5.86062, -3.2559, 6.58841)
(5.78401, -3.21759, 7.16298)
(5.43926, -3.14098, 7.3545)
(5.93723, -3.02607, 7.20128)
(5.82231, -3.02607, 7.20128)
(5.86062, -3.06437, 7.23959)
(5.78401, -3.17929, 7.08637)
(5.78401, -2.98777, 7.16298)
(5.86062, -2.94946, 7.04806)
(6.09044, -3.17929, 6.93315)
(5.89892, -2.98777, 6.93315)
(6.12875, -3.02607, 7.3545)
(5.82231, -3.10268, 7.04806)
(5.78401, -3.14098, 7.16298)
(5.86062, -2.91116, 7.08637)
(5.86062, -3.10268, 7.23959)
(5.97553, -3.10268, 7.66094)
(5.97553, -3.21759, 7.08637)
(5.51587, -3.67725, 7.00976)
(5.40096, -3.14098, 7.62263)
(5.40096, -3.60064, 7.46941)
(4.51995, -3.48573, 7.66094)
(4.55826, -3.37081, 8.1589)
(4.63487, -3.37081, 8.38873)
(4.36673, -3.44742, 8.04398)
(4.29012, -3.63894, 7.69924)
(4.25182, -3.37081, 8.58025)
(3.94538, -2.94946, 8.77177)
(3.83047, -2.52811, 9.07821)
(3.94538, -2.22167, 9.65278)
(3.90708, -2.41319, 9.53786)
(3.48573, -1.83862, 9.806)
(2.4515, -1.53219, 9.8443)
(2.56641, -1.41727, 9.49956)
(2.33659, -0.881008, 9.806)
(2.52811, -0.383047, 9.8443)
(1.14914, -0.114914, 9.76769)
(0.727789, 0.957617, 8.81008)
(0.65118, 1.07253, 8.46534)
(0.114914, 2.33659, 9.30804)
(-0.0766094, 2.56641, 9.30804)
(0.306437, 2.64302, 8.69516)
(0.229828, 2.87285, 8.42703)
(0.306437, 3.52403, 8.81008)
(-0.497961, 3.37081, 9.57617)
(-0.153219, 3.2559, 9.07821)
(-0.344742, 2.22167, 8.46534)
(-0.229828, 3.2942, 8.42703)
(-0.0766094, 4.0986, 9.19312)
(-0.57457, 3.98369, 9.11651)
(-0.421352, 4.48165, 8.50364)
(-0.497961, 5.47757, 7.89076)
(0.153219, 5.40096, 7.23959)
(0.153219, 5.43926, 6.12875)
(-1.45558, 4.78809, 7.85246)
(-1.72371, 4.48165, 8.12059)
(-3.21759, 5.01791, 8.46534)
(-1.37897, 4.59656, 8.38873)
(-1.26405, 4.55826, 8.42703)
(-1.18745, 4.59656, 7.85246)
(-2.03015, 4.55826, 7.85246)
(-1.57049, 4.44334, 8.61855)
(-1.45558, 4.55826, 8.35042)
(-1.41727, 4.59656, 8.58025)
(-1.30236, 4.63487, 8.08229)
(-1.87693, 4.71148, 8.00568)
(-2.14506, 4.63487, 7.77585)
(-2.10676, 4.63487, 7.85246)
(-1.45558, 4.59656, 8.65686)
(-1.49388, 4.0986, 8.58025)
(-1.41727, 4.51995, 7.92907)
(-2.03015, 4.32843, 7.00976)
(-2.4898, 4.48165, 7.12467)
(-0.689484, 3.79216, 7.85246)
(0.0766094, 2.60472, 7.66094)
(0.842703, 2.87285, 8.54194)
(1.37897, 2.22167, 9.30804)
(0.881008, 1.45558, 9.806)
(1.03423, 0.995922, 9.46126)
(2.4898, 0.842703, 9.57617)
(2.91116, -0.0766094, 9.19312)
(3.56234, -0.268133, 8.50364)
(3.75386, -1.14914, 8.73347)
(4.67317, -1.87693, 8.88668)
(4.67317, -2.4898, 8.96329)
(5.40096, -3.06437, 8.27381)
(6.12875, -2.75794, 7.81416)
(6.05214, -2.94946, 6.97145)
(5.89892, -4.0603, 7.16298)
(5.93723, -4.17521, 6.81823)
(6.58841, -3.48573, 7.16298)
(5.63079, -4.59656, 7.50772)
(5.24774, -4.21351, 6.05214)
(5.59248, -4.59656, 5.78401)
(5.63079, -3.98369, 10.1124)
(6.01384, -3.56234, 6.70332)
(6.05214, -3.86877, 6.66501)
(6.32027, -3.44742, 6.5118)
(6.24366, -3.52403, 6.5118)
(6.28197, -3.56234, 6.5501)
(6.28197, -3.40912, 6.58841)
(6.47349, -3.52403, 6.5501)
(6.24366, -3.60064, 6.5118)
(6.20536, -3.48573, 7.00976)
(6.20536, -3.67725, 6.5501)
(6.05214, -3.63894, 6.58841)
(6.32027, -3.56234, 6.5501)
(6.5501, -3.56234, 6.5501)
(6.16705, -3.44742, 6.74162)
(6.28197, -3.52403, 6.5501)
(6.32027, -3.48573, 6.5501)
(6.16705, -3.56234, 6.39688)
(6.24366, -3.52403, 6.58841)
(6.39688, -3.60064, 6.58841)
(6.35858, -3.37081, 6.5118)
(6.09044, -3.37081, 6.35858)
(6.32027, -3.33251, 6.43519)
(6.32027, -3.44742, 6.62671)
(6.32027, -3.48573, 6.70332)
(6.32027, -3.52403, 6.16705)
(6.28197, -3.44742, 6.74162)
(6.77993, -3.37081, 6.93315)
(6.01384, -3.75386, 6.43519)
(6.12875, -3.98369, 7.62263)
(5.09452, -2.41319, 8.58025)
(6.01384, -4.02199, 9.15482)
(5.93723, -3.67725, 8.08229)
(5.86062, -3.67725, 7.23959)
(4.9413, -3.2942, 8.31211)
(4.0986, -2.98777, 8.61855)
(3.21759, -1.37897, 9.0016)
(2.71963, -1.03423, 9.42295)
(1.99184, -0.421352, 9.8443)
(1.34066, 0.191523, 9.53786)
(1.22575, 0.689484, 9.07821)
(-0.191523, 1.76202, 8.73347)
(-0.229828, 2.18337, 8.84838)
(-0.153219, 2.33659, 9.42295)
(-0.842703, 3.14098, 8.65686)
(-0.804398, 3.79216, 8.31211)
(-1.41727, 3.86877, 8.00568)
(-1.76202, 3.63894, 7.69924)
(-1.95354, 5.55418, 7.43111)
(-1.99184, 5.47757, 7.66094)
(-0.57457, 4.74978, 7.04806)
(-0.919312, 5.86062, 7.16298)
(-0.766094, 5.93723, 7.69924)
(-0.727789, 5.47757, 7.23959)
(-0.65118, 5.78401, 5.7457)
(-1.76202, 6.70332, 7.27789)
(-1.83862, 5.7457, 6.43519)
(-1.99184, 6.12875, 5.93723)
(-2.18337, 5.7074, 7.31619)
(-2.4898, 6.20536, 6.62671)
(-2.10676, 5.89892, 6.81823)
(-2.06845, 5.86062, 6.58841)
(-2.29828, 5.82231, 6.5118)
(-3.2559, 5.78401, 6.47349)
(-3.2559, 5.51587, 6.20536)
(-2.4515, 5.66909, 5.7457)
(-2.29828, 5.59248, 6.77993)
(-1.30236, 5.24774, 7.54602)
(-1.41727, 4.59656, 7.73755)
(-1.68541, 4.13691, 7.3928)
(-1.53219, 4.29012, 7.00976)
(-1.57049, 3.79216, 7.16298)
(0.344742, 4.29012, 8.1589)
(2.64302, 2.83455, 8.77177)
(5.63079, 2.68133, 8.1972)
(5.63079, 0.421352, 8.84838)
(5.59248, -0.421352, 9.19312)
(5.7457, -1.6471, 9.03991)
(6.43519, -2.52811, 8.84838)
(6.5501, -2.83455, 8.08229)
(6.5118, -5.20944, 6.93315)
(6.85654, -3.94538, 5.32435)
(6.35858, -4.36673, 6.47349)
(6.74162, -4.48165, 6.09044)
(7.00976, -5.97553, 4.67317)
(7.08637, -5.24774, 5.09452)
(6.16705, -4.78809, 4.74978)
(6.58841, -5.09452, 5.51587)
(6.5118, -4.0603, 6.32027)
(6.32027, -3.71555, 6.47349)
(6.32027, -4.0986, 6.5118)
(6.70332, -4.32843, 5.51587)
(6.81823, -4.02199, 5.20944)
(6.77993, -4.13691, 5.43926)
(6.93315, -4.21351, 5.32435)
(7.20128, -4.0603, 5.17113)
(7.23959, -3.90708, 5.40096)
(7.00976, -4.17521, 5.32435)
(7.12467, -4.0986, 5.09452)
(7.04806, -4.13691, 5.24774)
(6.89484, -4.0986, 5.36266)
(7.04806, -4.0986, 5.17113)
(6.93315, -4.21351, 5.17113)
(6.93315, -4.02199, 5.05622)
(7.00976, -4.13691, 5.13283)
(7.08637, -4.0986, 5.51587)
(7.00976, -4.0603, 5.24774)
(7.12467, -4.36673, 5.17113)
(7.20128, -4.0603, 5.7074)
(6.93315, -4.32843, 5.17113)
(7.00976, -4.32843, 5.20944)
(7.00976, -3.94538, 5.43926)
(7.08637, -4.25182, 5.28605)
(5.78401, -3.79216, 7.73755)
(6.81823, -3.56234, 6.97145)
(6.5501, -5.24774, 7.77585)
(5.78401, -4.97961, 8.12059)
(4.97961, -4.48165, 7.89076)
(4.48165, -3.2942, 8.54194)
(4.59656, -2.83455, 9.65278)
(3.79216, -2.68133, 8.69516)
(4.44334, -0.881008, 5.97553)
(3.48573, -0.65118, 8.12059)
(3.90708, 0.881008, 8.54194)
(4.71148, 1.6088, 8.1972)
(3.90708, 0.995922, 8.08229)
(3.90708, 1.72371, 9.11651)
(2.60472, 2.25998, 8.77177)
(2.06845, 3.63894, 7.81416)
(1.95354, 4.32843, 6.85654)
(1.95354, 3.48573, 8.31211)
(0.919312, 3.98369, 9.19312)
(0.65118, 4.29012, 8.27381)
(0.344742, 4.78809, 7.69924)
(2.71963, 4.44334, 8.04398)
(2.71963, 4.63487, 8.42703)
(0.612875, 4.36673, 8.65686)
(0.689484, 4.40504, 8.42703)
(1.41727, 4.9413, 8.00568)
(1.68541, 4.903, 7.12467)
(-0.919312, 3.83047, 6.77993)
(-1.22575, 4.40504, 6.12875)
(0.497961, 3.98369, 6.74162)
(2.03015, 3.79216, 7.81416)
(2.22167, 3.40912, 8.35042)
(4.36673, 2.60472, 8.84838)
(4.63487, 2.18337, 8.69516)
(3.37081, 1.57049, 9.03991)
(3.06437, 0.268133, 9.57617)
(4.59656, -0.153219, 9.30804)
(5.05622, -1.18745, 8.1972)
(5.17113, -1.87693, 8.23551)
(6.24366, -3.37081, 8.08229)
(6.24366, -3.52403, 7.3928)
(6.70332, -2.52811, 7.16298)
(6.12875, -3.75386, 7.00976)
(7.04806, -4.0986, 6.12875)
(5.51587, -4.51995, 5.97553)
(7.23959, -3.02607, 8.31211)
(6.58841, -4.02199, 6.32027)
(6.35858, -3.83047, 6.05214)
(6.5118, -3.71555, 6.16705)
(6.5118, -3.83047, 6.28197)
(6.62671, -3.56234, 5.82231)
(6.74162, -3.52403, 6.01384)
(6.66501, -3.71555, 6.09044)
(6.5501, -3.79216, 6.16705)
(6.89484, -3.60064, 6.12875)
(6.5118, -3.90708, 6.16705)
(6.5118, -3.67725, 6.24366)
(6.5501, -3.75386, 6.01384)
(6.5118, -3.63894, 6.20536)
(6.47349, -3.83047, 6.28197)
(6.5118, -3.63894, 6.16705)
(6.35858, -3.83047, 6.12875)
(6.62671, -3.75386, 6.16705)
(6.74162, -3.75386, 6.24366)
(6.47349, -3.75386, 6.20536)
(6.43519, -3.60064, 6.16705)
(6.47349, -3.86877, 6.09044)
(6.62671, -3.79216, 6.09044)
(6.47349, -3.52403, 6.12875)
(5.93723, -3.48573, 7.3545)
(5.93723, -4.44334, 6.70332)
(5.93723, -4.0603, 8.42703)
(6.09044, -4.71148, 7.77585)
(5.93723, -4.74978, 8.81008)
(5.28605, -4.51995, 8.00568)
(5.28605, -4.0603, 8.00568)
(4.74978, -3.02607, 8.50364)
(3.71555, -0.919312, 9.03991)
(3.60064, -0.957617, 8.35042)
(3.14098, -0.0383047, 8.61855)
(3.06437, 0.804398, 8.50364)
(2.18337, 1.49388, 9.0016)
(2.25998, 2.22167, 8.84838)
(1.22575, 1.26405, 8.84838)
(0.65118, 3.56234, 8.88668)
(0.842703, 3.71555, 8.61855)
(0.842703, 3.79216, 8.42703)
(-0.114914, 4.13691, 8.65686)
(-0.229828, 4.51995, 8.04398)
(-0.497961, 4.86469, 8.12059)
(-0.229828, 4.78809, 8.04398)
(-0.191523, 5.59248, 7.20128)
(-0.842703, 5.66909, 6.32027)
(-1.34066, 5.28605, 6.32027)
(-2.98777, 5.63079, 7.89076)
(-2.94946, 5.28605, 7.96737)
(-1.49388, 5.40096, 7.3928)
(-1.6088, 5.32435, 7.3928)
(-1.76202, 5.28605, 7.3545)
(-1.76202, 5.13283, 8.08229)
(-1.76202, 4.74978, 7.46941)
(-1.6471, 5.13283, 7.04806)
(-1.07253, 4.82639, 7.62263)
(-0.842703, 4.0986, 7.73755)
(-0.57457, 4.86469, 9.11651)
(-0.57457, 3.75386, 8.00568)
(-0.268133, 3.14098, 8.1972)
(0.153219, 2.83455, 8.50364)
(0.229828, 2.03015, 9.19312)
(1.14914, 1.91523, 9.23143)
(1.11084, 1.11084, 8.58025)
(0.536266, 0.804398, 9.38465)
(1.37897, 0.306437, 9.69109)
(1.72371, -0.804398, 9.57617)
(2.4898, -1.41727, 9.57617)
(2.68133, -2.22167, 9.11651)
(4.67317, -2.56641, 8.31211)
(4.86469, -3.2942, 8.92499)
(4.67317, -3.21759, 6.93315)
(5.01791, -4.25182, 7.92907)
(7.08637, -5.66909, 6.66501)
(5.13283, -4.78809, 5.78401)
(5.20944, -4.55826, 7.66094)
(5.09452, -4.9413, 6.32027)
(5.89892, -4.29012, 6.16705)
(7.16298, -3.63894, 6.93315)
(6.70332, -3.90708, 6.16705)
(6.74162, -3.67725, 6.05214)
(6.39688, -3.90708, 6.16705)
(6.62671, -3.79216, 6.12875)
(6.5501, -3.67725, 5.93723)
(6.58841, -3.83047, 6.20536)
(6.62671, -3.63894, 6.05214)
(6.74162, -3.75386, 6.32027)
(6.70332, -3.75386, 6.01384)
(6.66501, -3.63894, 6.20536)
(6.70332, -3.71555, 6.09044)
(6.5501, -3.75386, 5.93723)
(6.66501, -3.71555, 6.01384)
(6.74162, -3.67725, 5.89892)
(6.70332, -3.71555, 5.89892)
(6.70332, -3.75386, 5.93723)
(6.62671, -3.56234, 6.05214)
(6.62671, -3.75386, 5.89892)
(6.58841, -3.83047, 6.09044)
(6.74162, -3.67725, 5.93723)
(6.62671, -3.56234, 6.09044)
(6.39688, -3.75386, 5.93723)
(6.81823, -3.75386, 6.05214)
(6.85654, -3.60064, 5.97553)
(6.85654, -3.75386, 7.20128)
(6.20536, -3.17929, 6.70332)
(7.43111, -3.98369, 6.93315)
(6.77993, -3.06437, 7.08637)
(6.81823, -3.21759, 7.43111)
(6.12875, -2.68133, 7.20128)
(5.63079, -2.03015, 7.96737)
(5.55418, -1.37897, 8.04398)
(5.59248, -0.65118, 8.12059)
(4.51995, -0.0766094, 9.15482)
(4.13691, 0.114914, 9.11651)
(2.91116, 0.804398, 9.07821)
(1.76202, 1.72371, 9.34634)
(2.25998, 1.99184, 8.50364)
(2.37489, 2.71963, 8.92499)
(1.76202, 2.75794, 9.11651)
(1.30236, 3.48573, 8.92499)
(1.26405, 4.17521, 8.46534)
(1.91523, 4.02199, 7.89076)
(0.191523, 4.9413, 7.73755)
(1.26405, 5.09452, 6.81823)
(0.689484, 5.17113, 7.73755)
(0.766094, 5.24774, 7.54602)
(0.995922, 5.24774, 7.27789)
(1.03423, 5.55418, 6.74162)
(-0.689484, 5.97553, 7.12467)
(-0.995922, 5.28605, 7.66094)
(-0.919312, 5.05622, 8.54194)
(-0.497961, 5.20944, 8.12059)
(0.0, 5.40096, 8.23551)
(-0.268133, 5.43926, 7.46941)
(-0.383047, 5.59248, 6.12875)
(-0.229828, 5.28605, 7.66094)
(-0.804398, 5.24774, 8.12059)
(-1.53219, 4.903, 7.50772)
(-0.727789, 4.32843, 5.59248)
(-1.34066, 4.36673, 6.97145)
(-0.0766094, 4.36673, 7.96737)
(1.30236, 3.06437, 9.19312)
(1.49388, 2.4898, 9.69109)
(2.37489, 1.34066, 8.46534)
(2.33659, 1.45558, 9.11651)
(1.6088, 1.6471, 9.23143)
(3.10268, 1.11084, 9.26973)
(4.17521, 0.995922, 8.54194)
(4.48165, 0.57457, 9.0016)
(4.40504, 0.0383047, 9.03991)
(4.78809, -0.383047, 8.84838)
(4.86469, -1.07253, 9.26973)
(4.48165, -2.22167, 9.03991)
(5.17113, -2.18337, 7.50772)
(5.13283, -2.29828, 7.43111)
(5.63079, -2.79624, 8.35042)
(5.7457, -3.40912, 8.1972)
(5.97553, -3.79216, 7.3928)
(5.86062, -3.75386, 6.93315)
(6.01384, -3.44742, 6.05214)
(6.20536, -3.37081, 6.24366)
(6.66501, -4.32843, 7.00976)
(6.85654, -4.02199, 6.24366)
(6.77993, -3.33251, 6.12875)
(6.09044, -3.37081, 6.5501)
(6.70332, -3.75386, 6.77993)
(7.31619, -2.4898, 6.28197)
(6.12875, -4.21351, 7.20128)
(5.78401, -4.55826, 6.09044)
(6.01384, -4.63487, 6.39688)
(5.93723, -4.71148, 6.28197)
(6.5118, -6.09044, 5.47757)
(7.04806, -5.59248, 5.59248)
(5.01791, -4.48165, 6.12875)
(3.90708, -3.71555, 6.58841)
(3.60064, -4.71148, 5.63079)
(5.51587, -3.75386, 7.66094)
(4.63487, -4.40504, 7.27789)
(5.89892, -4.25182, 6.97145)
(5.59248, -4.44334, 6.62671)
(5.51587, -3.94538, 6.74162)
(5.20944, -4.78809, 7.08637)
(7.54602, -1.57049, 6.93315)
(4.55826, -4.44334, 6.12875)
(5.09452, -3.94538, 7.27789)
(5.05622, -4.29012, 6.97145)
(5.32435, -3.75386, 7.08637)
(5.17113, -4.0986, 7.23959)
(5.01791, -4.36673, 6.81823)
(5.17113, -4.21351, 7.04806)
(5.24774, -4.0986, 7.27789)
(5.05622, -4.48165, 6.32027)
(5.20944, -4.44334, 6.93315)
(5.13283, -4.17521, 7.62263)
(5.28605, -4.48165, 9.0016)
(6.09044, -3.2559, 8.84838)
(5.43926, -2.83455, 8.54194)
(5.47757, -1.72371, 8.31211)
(5.36266, -1.30236, 8.35042)
(5.13283, -0.804398, 8.81008)
(4.17521, 0.0, 8.54194)
(3.86877, 1.57049, 8.04398)
(4.02199, 1.95354, 8.50364)
(2.68133, 2.56641, 8.73347)
(4.29012, 2.79624, 7.77585)
(4.17521, 2.83455, 7.54602)
(3.56234, 3.79216, 7.54602)
(2.60472, 4.59656, 7.54602)
(1.87693, 5.09452, 7.43111)
(2.29828, 5.43926, 7.85246)
(2.22167, 5.05622, 7.20128)
(2.4515, 5.89892, 6.09044)
(0.957617, 5.7457, 6.81823)
(0.995922, 6.20536, 6.32027)
(1.72371, 6.12875, 6.28197)
(0.612875, 6.70332, 7.3545)
(0.612875, 6.39688, 6.35858)
(0.306437, 6.43519, 5.89892)
(0.268133, 6.35858, 6.81823)
(0.0, 6.28197, 6.85654)
(0.459656, 6.28197, 7.58433)
(0.57457, 6.12875, 7.16298)
(0.191523, 6.20536, 6.85654)
(0.268133, 6.24366, 6.89484)
(0.344742, 6.28197, 7.43111)
(0.344742, 6.20536, 6.70332)
(0.383047, 5.86062, 7.12467)
(-0.0383047, 5.86062, 7.3545)
(0.229828, 5.89892, 6.89484)
(0.65118, 5.47757, 7.62263)
(1.14914, 5.17113, 7.69924)
(1.22575, 5.09452, 7.16298)
(1.11084, 4.78809, 8.1589)
(1.41727, 4.44334, 7.69924)
(1.6088, 3.86877, 7.89076)
(2.14506, 3.48573, 8.35042)
(2.41319, 2.56641, 8.04398)
(3.83047, 1.68541, 8.58025)
(3.71555, 0.689484, 8.61855)
(4.51995, 0.344742, 8.04398)
(5.47757, -0.0766094, 7.96737)
(5.63079, -0.689484, 7.85246)
(5.86062, -1.41727, 8.73347)
(5.97553, -2.22167, 8.08229)
(5.01791, -2.64302, 8.27381)
(5.66909, -3.2559, 7.27789)
(5.43926, -3.94538, 7.92907)
(4.59656, -4.40504, 8.1972)
(5.36266, -4.17521, 6.39688)
(5.32435, -4.48165, 6.5501)
(5.24774, -6.05214, 6.85654)
(6.81823, -4.63487, 5.51587)
(6.97145, -4.17521, 5.13283)
(7.20128, -4.17521, 5.09452)
(7.16298, -4.0603, 4.17521)
(7.12467, -3.67725, 4.44334)
(7.62263, -3.2942, 4.86469)
(7.77585, -3.86877, 4.48165)
(7.62263, -3.86877, 4.36673)
(7.58433, -3.79216, 4.44334)
(7.69924, -3.75386, 4.25182)
(7.81416, -3.67725, 4.13691)
(7.73755, -3.60064, 4.29012)
(7.92907, -3.75386, 4.0986)
(7.89076, -3.60064, 4.25182)
(7.77585, -3.83047, 4.13691)
(7.77585, -3.75386, 4.29012)
(7.96737, -3.90708, 4.32843)
(7.81416, -3.83047, 4.25182)
(8.00568, -3.75386, 4.0603)
(7.73755, -3.75386, 4.13691)
(7.77585, -3.83047, 4.25182)
(7.77585, -3.79216, 4.25182)
(7.92907, -3.71555, 4.40504)
(8.81008, -3.83047, 4.9413)
(7.85246, -3.71555, 5.55418)
(7.23959, -3.71555, 6.20536)
(7.08637, -3.86877, 6.43519)
(7.27789, -3.48573, 7.16298)
(7.23959, -5.09452, 6.74162)
(7.3928, -4.40504, 6.05214)
(6.12875, -3.52403, 6.93315)
(5.17113, -2.41319, 7.69924)
(4.74978, -1.91523, 8.00568)
(4.48165, -0.957617, 8.54194)
(3.90708, -0.344742, 8.77177)
(3.86877, 0.0766094, 8.77177)
(4.0603, 0.153219, 8.81008)
(4.55826, 0.344742, 8.65686)
(4.17521, 0.842703, 8.73347)
(3.63894, 1.76202, 7.85246)
(2.87285, 2.56641, 8.35042)
(2.29828, 2.98777, 8.58025)
(1.30236, 3.48573, 8.58025)
(1.26405, 3.63894, 7.73755)
(-0.114914, 4.78809, 6.93315)
(-0.191523, 4.78809, 7.3928)
(-0.766094, 4.82639, 7.69924)
(-2.18337, 4.903, 8.1589)
(-1.49388, 4.67317, 8.08229)
(-1.41727, 4.71148, 7.43111)
(-1.26405, 5.05622, 7.27789)
(-2.71963, 4.82639, 7.31619)
(-3.06437, 5.13283, 7.43111)
(-2.52811, 5.05622, 7.50772)
(-2.33659, 4.97961, 7.16298)
(-2.60472, 4.97961, 7.50772)
(-2.83455, 5.01791, 7.46941)
(-2.68133, 4.97961, 7.46941)
(-2.71963, 4.9413, 7.58433)
(-2.79624, 4.97961, 7.58433)
(-2.98777, 4.86469, 7.27789)
(-3.44742, 4.86469, 7.20128)
(-2.75794, 5.09452, 7.89076)
(-1.37897, 4.903, 7.58433)
(-0.306437, 4.25182, 8.12059)
(0.344742, 3.71555, 8.46534)
(0.881008, 2.94946, 9.03991)
(1.07253, 2.56641, 9.30804)
(0.957617, 2.10676, 9.26973)
(1.37897, 1.80032, 9.03991)
(1.72371, 1.49388, 8.58025)
(2.10676, 0.421352, 7.85246)
(2.29828, -0.229828, 9.30804)
(2.18337, -1.18745, 8.50364)
(3.2559, -2.71963, 8.1589)
(4.29012, -3.90708, 8.23551)
(4.82639, -5.01791, 8.35042)
(5.09452, -5.47757, 7.43111)
(5.17113, -5.36266, 6.77993)
(5.17113, -4.9413, 6.47349)
(5.51587, -5.09452, 6.05214)
(7.77585, -5.55418, 4.25182)
(8.23551, -6.58841, 3.98369)
(7.23959, -5.36266, 3.94538)
(7.16298, -5.09452, 4.0603)
(6.62671, -4.55826, 5.7457)
(8.00568, -3.75386, 6.24366)
(7.23959, -4.17521, 4.97961)
(7.08637, -4.25182, 4.82639)
(7.23959, -4.0986, 4.63487)
(7.3545, -4.02199, 4.97961)
(7.46941, -3.79216, 4.82639)
(7.3928, -3.90708, 5.01791)
(7.3928, -3.94538, 4.903)
(7.46941, -3.94538, 5.05622)
(7.3545, -3.86877, 4.86469)
(7.3928, -4.0603, 4.9413)
(7.12467, -4.02199, 4.903)
(7.12467, -3.94538, 5.01791)
(7.20128, -3.94538, 5.01791)
(7.3545, -4.0986, 4.9413)
(7.31619, -4.02199, 4.86469)
(7.31619, -3.90708, 4.9413)
(7.20128, -4.21351, 4.903)
(7.50772, -4.02199, 5.32435)
(7.46941, -4.21351, 5.20944)
(7.43111, -4.13691, 5.82231)
(6.97145, -3.86877, 6.5501)
(6.66501, -4.17521, 7.20128)
(6.74162, -4.78809, 7.3928)
(6.62671, -4.55826, 7.12467)
(5.28605, -3.60064, 6.70332)
(4.903, -2.56641, 7.85246)
(4.63487, -1.76202, 8.96329)
(4.36673, -1.14914, 8.61855)
(4.36673, 0.191523, 8.58025)
(3.90708, 0.995922, 9.19312)
(3.17929, 1.49388, 8.84838)
(3.2559, 2.03015, 7.89076)
(1.87693, 2.83455, 8.77177)
(1.34066, 3.2942, 9.26973)
(0.804398, 3.86877, 8.38873)
(0.497961, 3.90708, 8.1589)
(0.306437, 4.02199, 8.12059)
(-0.0383047, 5.32435, 7.31619)
(-1.03423, 5.55418, 7.08637)
(-1.14914, 5.43926, 6.35858)
(-1.49388, 5.89892, 6.24366)
(-1.99184, 5.63079, 6.97145)
(-2.25998, 5.55418, 7.81416)
(-2.68133, 5.32435, 7.43111)
(-2.87285, 5.51587, 6.35858)
(-2.52811, 5.66909, 6.47349)
(-2.52811, 5.82231, 7.20128)
(-1.87693, 5.7074, 7.3545)
(-1.91523, 5.51587, 7.3928)
(-2.22167, 5.7074, 7.04806)
(-2.06845, 5.59248, 7.20128)
(-2.14506, 5.55418, 7.3545)
(-2.03015, 5.47757, 7.08637)
(-3.79216, 6.09044, 6.32027)
(-3.71555, 5.09452, 5.86062)
(-1.45558, 6.89484, 6.62671)
(-1.07253, 4.71148, 8.08229)
(-1.03423, 4.02199, 9.03991)
(-0.229828, 3.60064, 9.0016)
(-0.153219, 3.2942, 9.03991)
(-0.153219, 2.94946, 8.42703)
(0.153219, 2.64302, 8.88668)
(0.536266, 2.18337, 9.0016)
(0.689484, 1.57049, 8.65686)
(1.37897, 0.766094, 9.07821)
(1.80032, -0.0766094, 8.88668)
(3.2942, -0.459656, 9.61448)
(4.13691, -1.87693, 9.26973)
(3.52403, -2.33659, 9.57617)
(4.59656, -2.83455, 7.96737)
(5.55418, -3.71555, 7.12467)
(5.63079, -4.0986, 7.12467)
(5.32435, -4.71148, 7.00976)
(6.05214, -5.09452, 6.70332)
(6.20536, -6.28197, 6.12875)
(6.20536, -5.43926, 5.82231)
(6.16705, -6.12875, 5.09452)
(6.20536, -5.43926, 3.90708)
(6.09044, -5.01791, 4.36673)
(8.50364, -4.0986, 6.5501)
(7.08637, -4.97961, 4.25182)
(6.93315, -4.86469, 4.17521)
(7.08637, -4.9413, 4.29012)
(7.23959, -4.78809, 4.17521)
(7.16298, -4.86469, 4.21351)
(7.43111, -4.71148, 4.17521)
(7.23959, -4.9413, 4.17521)
(7.46941, -4.86469, 3.98369)
(7.23959, -4.71148, 4.17521)
(7.20128, -4.74978, 3.98369)
(7.20128, -4.78809, 4.0603)
(7.31619, -4.86469, 4.0986)
(7.3928, -4.86469, 3.90708)
(7.46941, -4.74978, 4.25182)
(7.20128, -4.74978, 4.9413)
(7.92907, -5.01791, 6.20536)
(6.43519, -5.43926, 5.89892)
(5.05622, -5.86062, 6.16705)
(5.78401, -5.43926, 6.70332)
(5.51587, -5.05622, 6.89484)
(5.13283, -5.47757, 7.50772)
(4.0603, -5.09452, 7.92907)
(3.71555, -3.71555, 8.65686)
(3.2942, -3.10268, 8.54194)
(3.40912, -1.95354, 8.31211)
(2.83455, -1.11084, 8.38873)
(2.22167, -0.0766094, 9.49956)
(2.14506, 0.65118, 9.42295)
(0.689484, 0.268133, 10.0358)
(0.57457, 1.03423, 9.23143)
(0.612875, 1.76202, 9.23143)
(0.65118, 2.29828, 8.54194)
(-0.727789, 2.91116, 8.77177)
(-1.68541, 3.44742, 7.96737)
(-1.99184, 4.40504, 7.85246)
(-2.06845, 4.36673, 8.12059)
(-1.22575, 4.78809, 8.1589)
(-0.459656, 4.82639, 7.23959)
(-0.306437, 4.59656, 8.1589)
(-2.52811, 4.51995, 8.00568)
(-2.06845, 5.24774, 6.47349)
(-2.52811, 5.09452, 7.62263)
(-2.4898, 5.01791, 8.00568)
(-1.68541, 4.97961, 8.12059)
(-2.03015, 5.01791, 7.69924)
(-2.56641, 4.9413, 6.47349)
(-1.68541, 4.82639, 7.81416)
(-1.6088, 4.78809, 8.35042)
(-1.53219, 4.67317, 8.61855)
(-1.76202, 4.74978, 7.77585)
(-1.95354, 4.9413, 6.77993)
(-0.804398, 4.36673, 7.50772)
(-1.07253, 3.33251, 7.43111)
(-1.14914, 3.83047, 7.92907)
(1.07253, 2.98777, 7.43111)
(3.33251, 2.87285, 9.8443)
(4.0986, 1.95354, 9.15482)
(3.98369, 1.11084, 8.84838)
(3.98369, 0.804398, 8.46534)
(5.40096, 0.306437, 8.77177)
(5.05622, -0.229828, 8.38873)
(4.74978, -0.65118, 8.73347)
(5.63079, -1.37897, 7.46941)
(5.82231, -1.68541, 8.08229)
(5.55418, -2.14506, 7.62263)
(5.78401, -2.4898, 8.12059)
(6.32027, -4.25182, 6.74162)
(6.35858, -5.01791, 7.00976)
(5.97553, -4.36673, 7.00976)
(6.93315, -4.63487, 7.23959)
(5.82231, -4.78809, 7.23959)
(6.32027, -4.86469, 6.5118)
(6.32027, -5.17113, 6.43519)
(6.5501, -4.74978, 4.78809)
(7.00976, -4.55826, 5.24774)
(6.5501, -3.52403, 7.46941)
(6.97145, -3.94538, 5.63079)
(7.12467, -4.0603, 5.51587)
(6.97145, -3.86877, 5.93723)
(6.93315, -3.98369, 5.59248)
(6.74162, -3.90708, 5.28605)
(7.00976, -3.90708, 5.01791)
(7.12467, -3.86877, 5.40096)
(7.04806, -4.02199, 5.63079)
(7.00976, -3.75386, 5.32435)
(7.04806, -3.90708, 5.36266)
(7.20128, -3.90708, 5.36266)
(7.20128, -3.90708, 5.36266)
(7.16298, -3.86877, 5.09452)
(7.12467, -3.94538, 5.36266)
(7.00976, -3.90708, 5.43926)
(7.00976, -4.0986, 5.32435)
(7.04806, -4.02199, 5.36266)
(7.12467, -3.90708, 5.51587)
(7.04806, -3.94538, 5.28605)
(7.04806, -3.79216, 5.47757)
(6.89484, -3.98369, 5.05622)
(7.20128, -3.94538, 5.36266)
(7.08637, -3.90708, 5.47757)
(7.12467, -3.79216, 5.32435)
(7.20128, -3.71555, 5.32435)
(7.3545, -3.67725, 5.17113)
(7.12467, -3.83047, 5.47757)
(6.97145, -4.17521, 5.43926)
(7.46941, -4.29012, 5.28605)
(6.66501, -5.09452, 5.63079)
(6.97145, -5.01791, 6.66501)
(8.08229, -6.66501, 4.44334)
(8.1972, -7.66094, 6.58841)
(6.5501, -8.1589, 5.24774)
(4.32843, -6.93315, 6.32027)
(3.52403, -5.17113, 7.3545)
(3.2942, -4.17521, 7.89076)
(4.51995, -2.4515, 6.5501)
(4.63487, -0.842703, 7.3545)
(4.48165, 0.229828, 8.1972)
(2.71963, 0.957617, 8.42703)
(1.99184, 0.727789, 8.23551)
(1.91523, 1.49388, 8.58025)
(2.06845, 2.33659, 8.12059)
(1.99184, 1.72371, 9.07821)
(1.03423, 2.56641, 9.30804)
(0.995922, 2.06845, 9.15482)
(0.497961, 2.56641, 9.65278)
(-1.03423, 2.87285, 9.23143)
(-1.14914, 4.21351, 8.35042)
(-1.37897, 3.60064, 8.23551)
(-2.10676, 4.13691, 7.43111)
(-1.30236, 4.25182, 7.81416)
(-1.03423, 3.40912, 8.96329)
(-1.49388, 3.2942, 8.69516)
(-1.34066, 3.44742, 8.69516)
(-0.919312, 3.67725, 8.92499)
(-1.57049, 3.10268, 8.38873)
(-0.383047, 3.98369, 7.66094)
(-1.99184, 4.48165, 7.46941)
(-2.03015, 3.48573, 7.43111)
(0.0, 3.71555, 8.04398)
(0.0766094, 3.40912, 9.15482)
(1.41727, 2.10676, 10.0741)
(1.26405, 1.99184, 8.12059)
(1.72371, 1.18745, 7.3928)
(0.383047, 1.22575, 7.62263)
(3.94538, 0.421352, 8.12059)
(4.9413, -0.497961, 8.96329)
(6.05214, -1.99184, 8.65686)
(8.35042, -3.10268, 8.31211)
(8.54194, -5.05622, 6.81823)
(7.04806, -4.29012, 7.00976)
(6.39688, -4.51995, 6.97145)
(5.20944, -5.89892, 6.58841)
(7.16298, -4.0986, 6.32027)
(6.47349, -4.17521, 6.28197)
(6.62671, -3.63894, 7.3545)
(6.16705, -3.75386, 6.47349)
(6.01384, -3.98369, 6.35858)
(6.12875, -4.02199, 6.32027)
(5.97553, -3.98369, 6.20536)
(6.24366, -3.83047, 6.43519)
(6.35858, -3.94538, 6.28197)
(6.24366, -3.94538, 6.24366)
(6.16705, -4.0603, 6.09044)
(6.20536, -3.75386, 6.20536)
(6.28197, -4.0603, 5.93723)
(6.89484, -3.2942, 6.66501)
(5.32435, -4.0603, 6.85654)
(5.78401, -4.0986, 6.62671)
(5.86062, -3.98369, 6.58841)
(5.78401, -3.79216, 6.77993)
(5.78401, -3.94538, 6.66501)
(5.7457, -3.98369, 6.77993)
(5.63079, -4.0603, 6.62671)
(5.93723, -3.86877, 6.70332)
(5.89892, -3.90708, 6.66501)
(6.20536, -3.79216, 6.5501)
(6.05214, -3.79216, 6.74162)
(6.01384, -3.90708, 6.5501)
(5.97553, -3.86877, 6.35858)
(5.97553, -3.75386, 6.58841)
(6.16705, -3.86877, 6.58841)
(6.09044, -3.79216, 6.5118)
(5.97553, -3.90708, 6.39688)
(6.20536, -3.67725, 6.5118)
(6.32027, -3.83047, 6.5501)
(6.16705, -3.71555, 6.77993)
(6.24366, -3.83047, 6.5501)
(6.35858, -3.71555, 6.32027)
(6.47349, -3.71555, 6.35858)
(5.93723, -3.56234, 6.5118)
(6.01384, -3.56234, 6.28197)
(6.5118, -3.75386, 6.24366)
(6.70332, -3.67725, 6.09044)
(6.43519, -3.71555, 6.5118)
(6.81823, -3.56234, 6.09044)
(6.85654, -3.71555, 6.01384)
(6.66501, -3.60064, 6.05214)
(6.66501, -3.48573, 6.09044)
(6.5501, -3.60064, 6.09044)
(6.5501, -3.63894, 6.16705)
(6.58841, -3.67725, 6.01384)
(6.58841, -3.56234, 5.89892)
(6.5501, -3.63894, 6.09044)
(6.43519, -3.48573, 6.20536)
(6.74162, -3.48573, 5.82231)
(6.5501, -3.75386, 6.09044)
(6.35858, -3.71555, 6.16705)
(6.24366, -3.71555, 5.89892)
(6.77993, -3.56234, 6.32027)
(6.47349, -3.79216, 6.09044)
(6.39688, -3.48573, 6.32027)
(6.5501, -3.83047, 6.12875)
(6.74162, -3.60064, 6.09044)
(6.62671, -3.56234, 6.01384)
(6.62671, -3.52403, 5.86062)
(6.74162, -3.60064, 6.05214)
(6.77993, -3.67725, 5.93723)
(6.70332, -3.71555, 6.05214)
(6.70332, -3.56234, 6.01384)
(6.62671, -3.63894, 5.93723)
(6.66501, -3.67725, 6.39688)
(6.74162, -3.79216, 6.09044)
(6.70332, -3.71555, 6.12875)
(6.74162, -3.75386, 6.01384)
(6.58841, -3.67725, 5.59248)
(6.70332, -3.60064, 6.01384)
(6.47349, -3.67725, 6.16705)
(6.66501, -3.60064, 6.05214)
(6.66501, -3.56234, 6.09044)
(6.66501, -3.71555, 5.93723)
(6.81823, -3.60064, 5.97553)
(6.62671, -3.67725, 5.89892)
(6.62671, -3.60064, 6.09044)
(6.77993, -3.52403, 6.01384)
(6.66501, -3.79216, 5.82231)
(6.47349, -3.71555, 6.05214)
(6.5501, -3.56234, 6.01384)
(6.74162, -3.56234, 6.05214)
(6.70332, -3.71555, 5.97553)
(6.70332, -3.52403, 5.86062)
(6.70332, -3.60064, 6.01384)
(6.62671, -3.75386, 6.05214)
(6.58841, -3.56234, 6.01384)
(6.62671, -3.60064, 6.01384)
(6.62671, -3.56234, 6.28197)
(6.70332, -3.63894, 6.05214)
(6.74162, -3.60064, 5.97553)
(6.62671, -3.67725, 5.86062)
(6.81823, -3.60064, 5.97553)
(6.93315, -3.60064, 6.09044)
(6.62671, -3.60064, 5.89892)
(6.74162, -3.71555, 6.05214)
(6.77993, -3.60064, 5.93723)
(6.85654, -3.48573, 5.86062)
(6.70332, -3.71555, 5.97553)
(6.77993, -3.56234, 6.12875)
(6.81823, -3.71555, 6.09044)
(6.70332, -3.63894, 6.05214)
(6.58841, -3.52403, 6.20536)
(6.81823, -3.63894, 5.89892)
(6.66501, -3.71555, 5.97553)
(6.74162, -3.75386, 5.66909)
(6.47349, -3.56234, 6.09044)
(6.74162, -3.67725, 6.05214)
(6.5501, -3.75386, 6.12875)
(6.66501, -3.56234, 6.16705)
(6.5118, -3.90708, 5.89892)
(6.66501, -3.67725, 6.20536)
(6.5501, -3.67725, 6.01384)
(6.5501, -3.52403, 5.97553)
(6.47349, -3.52403, 5.86062)
(6.47349, -3.79216, 6.01384)
(6.32027, -3.52403, 6.32027)
(6.77993, -3.71555, 6.01384)
(6.47349, -3.67725, 6.16705)
(6.66501, -3.75386, 6.05214)
(6.5118, -3.75386, 6.28197)
(6.77993, -3.63894, 6.12875)
(6.58841, -3.71555, 6.09044)
(6.5501, -3.63894, 5.97553)
(7.00976, -3.48573, 5.82231)
(6.70332, -3.48573, 5.78401)
(6.93315, -3.52403, 5.66909)
(6.97145, -3.48573, 5.7074)
(6.93315, -3.60064, 5.63079)
(7.00976, -3.48573, 5.97553)
(6.97145, -3.40912, 5.66909)
(6.97145, -3.52403, 5.7457)
(7.04806, -3.33251, 5.78401)
(7.04806, -3.44742, 5.7074)
(7.08637, -3.48573, 5.7074)
(6.97145, -3.33251, 6.05214)
(7.08637, -3.52403, 5.59248)
(7.08637, -3.37081, 5.78401)
(7.12467, -3.40912, 5.93723)
(6.93315, -3.52403, 5.78401)
(7.08637, -3.37081, 5.7457)
(7.04806, -3.40912, 5.7074)
(6.97145, -3.44742, 5.7074)
(7.08637, -3.40912, 5.66909)
(6.97145, -3.48573, 5.7074)
(6.93315, -3.40912, 5.43926)
(7.00976, -3.44742, 5.66909)
(6.97145, -3.37081, 5.78401)
(6.89484, -3.37081, 5.66909)
(7.00976, -3.40912, 5.7457)
(7.08637, -3.44742, 5.59248)
(6.89484, -3.33251, 5.86062)
(7.04806, -3.40912, 5.63079)
(7.08637, -3.48573, 6.01384)
(7.08637, -3.40912, 5.63079)
(7.08637, -3.40912, 5.59248)
(7.08637, -3.44742, 5.7074)
(7.20128, -3.48573, 6.01384)
(7.04806, -3.37081, 5.7457)
(7.12467, -3.52403, 5.55418)
(7.04806, -3.37081, 5.7074)
(6.85654, -3.44742, 5.7457)
(7.12467, -3.37081, 5.7074)
(7.12467, -3.52403, 5.51587)
(7.08637, -3.44742, 5.82231)
(7.16298, -3.48573, 5.55418)
(7.08637, -3.40912, 5.66909)
(7.04806, -3.37081, 5.7074)
(7.16298, -3.44742, 6.01384)
(7.16298, -3.37081, 5.7457)
(7.08637, -3.44742, 5.55418)
(7.04806, -3.44742, 5.66909)
(7.08637, -3.40912, 5.78401)
(7.12467, -3.48573, 5.66909)
(7.20128, -3.37081, 5.51587)
(7.00976, -3.60064, 5.59248)
(7.04806, -3.37081, 5.7074)
(7.27789, -3.40912, 5.66909)
(7.16298, -3.40912, 5.51587)
(6.93315, -3.44742, 5.63079)
(6.97145, -3.52403, 5.63079)
(7.27789, -3.48573, 5.28605)
(7.08637, -3.48573, 5.63079)
(7.16298, -3.2559, 5.93723)
(7.16298, -3.37081, 5.40096)
(7.20128, -3.44742, 5.7457)
(7.12467, -3.56234, 5.43926)
(7.23959, -3.40912, 5.7074)
(7.04806, -3.48573, 5.63079)
(7.27789, -3.44742, 5.40096)
(7.27789, -3.2559, 5.55418)
(7.20128, -3.63894, 5.86062)
(7.16298, -3.33251, 5.66909)
(7.16298, -3.2942, 5.51587)
(7.16298, -3.33251, 5.66909)
(7.20128, -3.60064, 5.59248)
(7.08637, -3.33251, 5.55418)
(7.20128, -3.40912, 5.43926)
(7.04806, -3.40912, 5.43926)
(7.08637, -3.44742, 5.51587)
(7.16298, -3.40912, 5.55418)
(7.23959, -3.52403, 5.7074)
(7.16298, -3.37081, 5.7074)
(7.23959, -3.44742, 5.40096)
(7.20128, -3.48573, 5.59248)
(7.00976, -3.63894, 5.78401)
(7.16298, -3.40912, 5.47757)
(7.16298, -3.2942, 5.55418)
(7.16298, -3.40912, 5.63079)
(7.08637, -3.44742, 5.63079)
(7.46941, -3.2559, 5.59248)
(7.20128, -3.52403, 5.43926)
(7.20128, -3.40912, 5.55418)
(7.20128, -3.44742, 5.82231)
(7.16298, -3.48573, 5.51587)
(7.20128, -3.2559, 5.36266)
(7.20128, -3.37081, 5.51587)
(7.23959, -3.44742, 5.59248)
(7.04806, -3.44742, 5.66909)
(7.20128, -3.44742, 5.51587)
(7.16298, -3.21759, 5.47757)
(7.20128, -3.40912, 5.32435)
(7.04806, -3.48573, 5.63079)
(7.27789, -3.33251, 5.89892)
(7.12467, -3.44742, 5.55418)
(7.31619, -3.37081, 5.55418)
(7.16298, -3.17929, 5.36266)
(7.16298, -3.40912, 5.43926)
(7.20128, -3.21759, 5.55418)
(7.27789, -3.44742, 5.55418)
(7.16298, -3.40912, 5.43926)
(7.50772, -3.2559, 5.51587)
(7.27789, -3.48573, 5.36266)
(7.16298, -3.2942, 5.32435)
(7.23959, -3.2559, 5.43926)
(7.23959, -3.37081, 5.40096)
(7.20128, -3.40912, 5.59248)
(7.31619, -3.40912, 5.09452)
(7.46941, -3.17929, 5.51587)
(7.23959, -3.2942, 5.89892)
(7.23959, -3.2559, 5.43926)
(7.3545, -3.2559, 5.47757)
(7.3545, -3.2559, 5.40096)
(7.23959, -3.37081, 5.7074)
(7.20128, -3.17929, 5.63079)
(7.3928, -3.21759, 5.47757)
(7.3928, -3.2559, 5.7457)
(7.23959, -3.2559, 5.24774)
(7.27789, -3.21759, 5.40096)
(7.20128, -3.37081, 5.20944)
(7.3545, -3.33251, 5.51587)
(7.27789, -3.2942, 5.63079)
(7.23959, -3.37081, 5.51587)
(7.23959, -3.2559, 5.43926)
(7.23959, -3.2942, 5.36266)
(7.3928, -3.2942, 5.63079)
(7.31619, -3.2559, 5.51587)
(7.27789, -3.2942, 5.55418)
(7.3545, -3.17929, 5.36266)
(7.23959, -3.37081, 5.47757)
(7.12467, -3.2942, 5.55418)
(7.23959, -3.2559, 5.51587)
(7.16298, -3.33251, 5.36266)
(7.23959, -3.14098, 5.55418)
(7.3928, -3.17929, 5.32435)
(7.23959, -3.33251, 5.78401)
(7.16298, -3.40912, 5.7074)
(7.3928, -3.33251, 5.40096)
(7.3545, -3.37081, 5.51587)
(7.3545, -3.37081, 5.51587)
(7.16298, -3.37081, 5.24774)
(7.46941, -2.98777, 5.47757)
(7.3545, -3.56234, 5.40096)
(7.23959, -3.40912, 5.47757)
(7.3928, -3.33251, 5.43926)
(7.58433, -3.21759, 5.43926)
(7.58433, -3.2559, 5.36266)
(7.3545, -3.2942, 5.47757)
(7.43111, -3.2942, 5.40096)
(7.50772, -3.2942, 5.28605)
(7.62263, -3.06437, 5.36266)
(7.3928, -3.33251, 5.36266)
(7.23959, -3.17929, 5.32435)
(7.43111, -3.2559, 5.43926)
(7.3928, -3.21759, 5.40096)
(7.31619, -3.17929, 5.7074)
(7.3928, -3.10268, 5.28605)
(7.43111, -3.2942, 5.40096)
(7.3928, -3.37081, 5.43926)
(7.50772, -3.2942, 5.36266)
(7.31619, -3.2559, 5.47757)
(7.3928, -3.14098, 5.47757)
(7.3928, -3.37081, 5.40096)
(7.27789, -3.2559, 5.36266)
(7.20128, -3.40912, 5.7074)
(7.3928, -3.48573, 5.43926)
(7.16298, -3.37081, 5.55418)
(7.3545, -3.37081, 5.40096)
(7.3545, -3.37081, 5.43926)
(7.12467, -3.48573, 5.55418)
(7.23959, -3.40912, 5.59248)
(7.12467, -3.21759, 5.36266)
(7.3545, -3.40912, 5.63079)
(7.00976, -3.52403, 5.47757)
(7.23959, -3.2559, 5.55418)
(7.31619, -3.33251, 5.63079)
(7.12467, -3.37081, 5.7074)
(7.27789, -3.56234, 5.55418)
(7.23959, -3.40912, 5.55418)
(7.20128, -3.33251, 5.59248)
(7.27789, -3.33251, 5.63079)
(7.12467, -3.37081, 5.59248)
(7.23959, -3.2942, 5.55418)
(7.31619, -3.2942, 5.51587)
(7.46941, -3.37081, 5.43926)
(7.20128, -3.2559, 5.63079)
(7.27789, -3.37081, 5.47757)
(7.16298, -3.33251, 5.40096)
(7.3928, -3.33251, 5.55418)
(7.3545, -3.37081, 5.40096)
(7.3928, -3.33251, 5.20944)
(7.20128, -3.33251, 5.63079)
(7.43111, -3.37081, 5.36266)
(7.46941, -3.2942, 5.43926)
(7.31619, -3.2942, 5.09452)
(7.3928, -3.33251, 5.43926)
(7.27789, -3.33251, 5.7074)
(7.23959, -3.33251, 5.47757)
(7.27789, -3.2942, 5.36266)
(7.3928, -3.21759, 5.55418)
(7.31619, -3.37081, 5.40096)
(7.20128, -3.37081, 5.28605)
(7.3928, -3.21759, 5.43926)
(7.20128, -3.44742, 5.40096)
(7.23959, -3.33251, 5.86062)
(7.23959, -3.14098, 5.55418)
(7.27789, -3.44742, 5.28605)
(7.12467, -3.2942, 5.66909)
(7.3928, -3.44742, 5.32435)
(7.31619, -3.2942, 5.51587)
(7.50772, -3.33251, 5.55418)
(7.27789, -3.33251, 5.55418)
(7.27789, -3.33251, 5.51587)
(7.31619, -3.33251, 5.36266)
(7.23959, -3.17929, 5.32435)
(7.3928, -3.2559, 5.40096)
(7.3928, -3.21759, 5.17113)
(7.3928, -3.2559, 5.13283)
(7.3928, -3.2559, 5.32435)
(7.50772, -2.98777, 5.20944)
(7.62263, -3.40912, 5.24774)
(7.62263, -3.2942, 5.20944)
(7.62263, -3.21759, 5.20944)
(7.50772, -3.17929, 5.09452)
(7.62263, -3.21759, 5.13283)
(7.46941, -3.37081, 5.13283)
(7.54602, -3.14098, 5.28605)
(7.62263, -3.10268, 5.40096)
(7.50772, -3.2942, 5.17113)
(7.54602, -3.21759, 5.24774)
(7.77585, -3.17929, 5.24774)
(7.62263, -3.17929, 5.01791)
(7.50772, -3.14098, 5.24774)
(7.69924, -3.21759, 5.24774)
(7.73755, -3.17929, 5.28605)
(7.46941, -3.2942, 4.97961)
(7.58433, -3.06437, 5.20944)
(7.62263, -3.14098, 5.24774)
(7.3928, -3.33251, 5.20944)
(7.31619, -3.2942, 5.36266)
(7.50772, -3.2559, 5.40096)
(7.54602, -3.10268, 5.17113)
(7.62263, -3.2559, 5.24774)
(7.54602, -3.33251, 5.05622)
(7.54602, -3.2559, 5.24774)
(7.62263, -3.02607, 5.28605)
(7.62263, -3.52403, 5.05622)
(7.73755, -3.10268, 5.17113)
(7.77585, -3.17929, 5.20944)
(7.69924, -3.17929, 5.09452)
(7.77585, -3.10268, 5.09452)
(7.66094, -3.2559, 4.86469)
(7.69924, -3.10268, 5.13283)
(7.66094, -3.10268, 4.86469)
(7.62263, -3.2942, 5.20944)
(7.62263, -3.17929, 5.28605)
(7.46941, -3.14098, 5.43926)
(7.58433, -3.21759, 5.55418)
(7.50772, -3.14098, 5.24774)
(7.3928, -3.2942, 5.28605)
(7.54602, -3.33251, 5.32435)
(7.58433, -3.21759, 5.28605)
(7.3545, -3.2559, 5.32435)
(7.43111, -3.2559, 5.36266)
(7.73755, -3.17929, 5.17113)
(7.23959, -3.33251, 5.28605)
(7.23959, -3.40912, 5.36266)
(7.66094, -3.02607, 5.32435)
(7.27789, -3.21759, 5.20944)
(7.3928, -3.44742, 5.36266)
(7.46941, -3.37081, 5.28605)
(7.54602, -3.2942, 5.20944)
(7.54602, -3.21759, 5.32435)
(7.66094, -3.37081, 5.43926)
(7.46941, -3.33251, 5.20944)
(7.50772, -3.2559, 5.59248)
(7.62263, -3.2942, 5.36266)
(7.73755, -3.17929, 5.20944)
(7.31619, -3.2942, 5.24774)
(7.54602, -3.17929, 5.13283)
(7.3928, -3.14098, 5.28605)
(7.3928, -3.44742, 5.20944)
(7.46941, -3.17929, 5.28605)
(7.58433, -3.33251, 4.86469)
(7.46941, -3.14098, 5.24774)
(7.3545, -3.37081, 5.20944)
(7.54602, -3.2942, 5.05622)
(7.3928, -3.37081, 5.28605)
(7.69924, -3.17929, 5.17113)
(7.46941, -3.21759, 5.32435)
(7.58433, -3.33251, 5.20944)
(7.50772, -3.14098, 5.47757)
(7.69924, -3.06437, 5.01791)
(7.54602, -3.2942, 5.17113)
(7.62263, -3.17929, 5.09452)
(7.46941, -3.33251, 4.97961)
(7.69924, -2.94946, 4.97961)
(7.43111, -3.21759, 4.97961)
(7.62263, -3.14098, 5.09452)
(7.66094, -3.14098, 5.17113)
(7.62263, -3.2559, 5.17113)
(7.58433, -3.06437, 5.13283)
(7.46941, -3.21759, 5.17113)
(7.3928, -3.17929, 5.20944)
(7.46941, -3.2942, 4.903)
(7.58433, -3.14098, 5.20944)
(7.50772, -3.21759, 5.40096)
(7.58433, -3.2559, 5.20944)
(7.50772, -3.17929, 5.17113)
(7.46941, -3.2559, 5.55418)
(7.43111, -3.2559, 5.20944)
(7.77585, -2.98777, 5.51587)
(7.54602, -3.2942, 5.13283)
(7.3545, -3.40912, 5.32435)
(7.50772, -3.02607, 5.40096)
(7.54602, -3.2559, 4.9413)
(7.50772, -3.33251, 5.24774)
(7.3545, -3.2559, 5.43926)
(7.58433, -3.14098, 5.28605)
(7.58433, -3.33251, 5.05622)
(7.3545, -3.37081, 5.32435)
(7.3545, -3.33251, 5.36266)
(7.43111, -3.21759, 5.63079)
(7.43111, -3.14098, 5.32435)
(7.20128, -3.48573, 5.36266)
(7.50772, -3.33251, 5.36266)
(7.43111, -3.17929, 5.40096)
(7.62263, -3.2559, 5.13283)
(7.66094, -3.48573, 5.09452)
(7.46941, -3.2559, 5.28605)
(7.46941, -3.44742, 5.20944)
(7.50772, -3.06437, 5.13283)
(7.43111, -3.44742, 5.13283)
(7.46941, -3.2942, 5.28605)
(7.3928, -3.2559, 5.17113)
(7.3545, -3.17929, 5.32435)
(7.85246, -3.02607, 5.28605)
(7.3545, -3.33251, 5.28605)
(7.46941, -3.33251, 5.17113)
(7.58433, -3.10268, 5.13283)
(7.54602, -3.2559, 5.32435)
(7.43111, -3.2559, 5.20944)
(7.31619, -3.21759, 5.28605)
(7.62263, -3.06437, 4.903)
(7.3545, -3.44742, 5.36266)
(7.43111, -3.06437, 5.32435)
(7.58433, -3.33251, 4.97961)
(7.50772, -3.2559, 5.43926)
(7.54602, -3.60064, 5.01791)
(7.50772, -3.06437, 5.20944)
(7.58433, -3.2559, 5.17113)
(7.43111, -3.2942, 5.40096)
(7.43111, -3.06437, 5.51587)
(7.50772, -3.2559, 5.32435)
(7.50772, -3.56234, 5.20944)
(7.50772, -3.02607, 5.59248)
(7.3928, -3.33251, 5.36266)
(7.3545, -3.17929, 5.13283)
(7.62263, -3.17929, 5.32435)
(7.69924, -3.37081, 5.20944)
(7.3928, -3.48573, 5.36266)
(7.50772, -3.14098, 5.43926)
(7.58433, -3.06437, 5.17113)
(7.58433, -3.21759, 5.24774)
(7.3545, -3.60064, 5.36266)
(7.50772, -3.02607, 5.32435)
(7.69924, -3.21759, 5.36266)
(7.66094, -3.10268, 5.20944)
(7.50772, -3.2559, 5.59248)
(7.54602, -3.14098, 5.13283)
(7.58433, -3.17929, 5.09452)
(7.58433, -3.14098, 5.05622)
(7.43111, -3.14098, 5.05622)
(7.58433, -3.37081, 5.32435)
(7.50772, -3.2942, 5.13283)
(7.69924, -3.2559, 5.43926)
(7.66094, -3.10268, 5.17113)
(7.3928, -3.33251, 5.20944)
(7.54602, -3.14098, 5.09452)
(7.43111, -3.21759, 5.36266)
(7.23959, -3.14098, 5.36266)
(7.3928, -3.40912, 5.01791)
(7.62263, -3.21759, 5.32435)
(7.3928, -3.21759, 5.05622)
(7.54602, -3.14098, 5.17113)
(7.54602, -3.21759, 5.13283)
(7.54602, -3.33251, 5.20944)
(7.54602, -3.2942, 5.24774)
(7.3928, -3.63894, 5.20944)
(7.31619, -2.71963, 5.32435)
(7.46941, -3.2942, 5.36266)
(7.50772, -3.44742, 5.36266)
(7.04806, -3.48573, 5.40096)
(7.66094, -3.10268, 5.01791)
(7.50772, -3.2559, 5.05622)
(7.46941, -3.48573, 5.28605)
(7.58433, -3.17929, 5.13283)
(7.66094, -3.21759, 5.24774)
(7.50772, -3.52403, 5.32435)
(7.58433, -3.10268, 5.13283)
(7.66094, -3.2559, 5.13283)
(7.46941, -3.37081, 5.24774)
(7.73755, -3.2559, 5.43926)
(7.43111, -3.21759, 5.47757)
(7.58433, -3.2559, 5.17113)
(7.3928, -3.2942, 5.55418)
(7.66094, -3.21759, 5.20944)
(7.3928, -3.40912, 5.51587)
(7.50772, -3.10268, 5.17113)
(7.54602, -3.02607, 5.01791)
(7.54602, -3.48573, 5.32435)
(7.43111, -3.2559, 5.40096)
(7.31619, -3.2942, 5.20944)
(7.54602, -3.17929, 5.66909)
(7.43111, -3.40912, 5.43926)
(7.50772, -3.02607, 5.28605)
(7.50772, -3.21759, 4.97961)
(7.62263, -3.14098, 5.17113)
(7.58433, -3.56234, 5.36266)
(7.50772, -3.2942, 5.24774)
(7.69924, -3.17929, 4.97961)
(7.50772, -3.2942, 5.13283)
(7.54602, -3.17929, 5.20944)
(7.58433, -3.14098, 5.20944)
(7.46941, -3.21759, 5.28605)
(7.43111, -3.2942, 5.13283)
(7.58433, -3.2942, 5.09452)
(7.69924, -2.98777, 5.17113)
(7.69924, -3.44742, 5.13283)
(7.54602, -3.2942, 5.32435)
(7.58433, -3.17929, 5.05622)
(7.54602, -3.17929, 5.24774)
(7.73755, -3.37081, 4.9413)
(7.54602, -3.37081, 4.9413)
(7.46941, -3.21759, 5.13283)
(7.69924, -3.14098, 5.09452)
(7.54602, -3.14098, 5.09452)
(7.31619, -3.2559, 5.17113)
(7.50772, -3.48573, 4.9413)
(7.62263, -2.83455, 5.13283)
(7.54602, -3.2942, 5.17113)
(7.62263, -3.56234, 5.13283)
(7.66094, -3.14098, 5.20944)
(7.58433, -3.21759, 4.9413)
(7.50772, -3.44742, 5.09452)
(7.23959, -3.17929, 5.43926)
(7.43111, -3.17929, 5.24774)
(7.69924, -3.17929, 5.13283)
(7.62263, -2.94946, 5.13283)
(7.66094, -3.40912, 5.13283)
(7.58433, -3.2942, 5.17113)
(7.66094, -3.14098, 5.09452)
(7.69924, -3.33251, 5.09452)
(7.43111, -2.91116, 5.40096)
(7.58433, -3.06437, 5.24774)
(7.69924, -3.2559, 5.20944)
(7.62263, -3.37081, 5.17113)
(7.58433, -3.14098, 5.36266)
(7.46941, -3.33251, 5.32435)
(7.54602, -3.14098, 5.13283)
(7.50772, -3.21759, 4.97961)
(7.62263, -3.2942, 5.36266)
(7.46941, -3.2942, 5.17113)
(7.54602, -3.17929, 5.36266)
(7.62263, -3.14098, 5.01791)
(7.58433, -3.37081, 5.09452)
(7.43111, -3.37081, 5.24774)
(7.46941, -3.33251, 5.32435)
(7.50772, -3.2942, 5.28605)
(7.46941, -3.17929, 5.20944)
(7.43111, -3.2559, 5.28605)
(7.50772, -3.40912, 5.13283)
(7.23959, -3.2559, 5.63079)
(7.12467, -3.48573, 5.24774)
(7.54602, -3.02607, 5.28605)
(7.3928, -3.37081, 5.43926)
(7.12467, -3.33251, 5.24774)
(7.50772, -3.17929, 5.20944)
(7.31619, -3.17929, 5.17113)
(7.54602, -3.2559, 5.24774)
(7.43111, -3.14098, 5.24774)
(7.73755, -3.33251, 5.32435)
(7.43111, -3.37081, 5.24774)
(7.58433, -3.17929, 5.09452)
(7.3928, -3.33251, 5.20944)
(7.3928, -3.2559, 5.43926)
(7.27789, -3.40912, 5.17113)
(7.3928, -3.37081, 5.40096)
(7.31619, -3.2942, 5.24774)
