(2.10676, -0.919312, 8.61855)
(2.22167, -1.22575, 10.1507)
(1.83862, -1.22575, 9.46126)
(2.37489, -1.18745, 9.30804)
(2.41319, -1.07253, 9.46126)
(1.95354, -1.45558, 10.2657)
(1.91523, -1.07253, 9.38465)
(2.03015, -1.22575, 9.26973)
(2.33659, -0.995922, 9.46126)
(1.95354, -1.34066, 9.99752)
(1.80032, -1.14914, 9.30804)
(1.68541, -1.14914, 9.49956)
(1.76202, -1.18745, 9.65278)
(1.99184, -1.11084, 9.65278)
(1.83862, -1.03423, 9.61448)
(1.68541, -1.18745, 9.42295)
(1.57049, -1.22575, 9.72939)
(1.57049, -0.919312, 9.46126)
(1.37897, -1.30236, 9.61448)
(1.53219, -0.995922, 9.53786)
(1.6471, -0.957617, 9.806)
(1.34066, -1.14914, 9.57617)
(1.53219, -0.919312, 9.34634)
(1.6088, -1.11084, 9.53786)
(1.57049, -0.995922, 9.65278)
(1.53219, -0.995922, 9.57617)
(1.72371, -1.14914, 9.46126)
(1.6471, -0.995922, 9.38465)
(1.68541, -1.03423, 9.61448)
(1.6088, -1.22575, 9.23143)
(1.72371, -1.14914, 9.65278)
(1.72371, -1.07253, 9.61448)
(1.57049, -1.14914, 9.49956)
(1.6471, -0.881008, 9.61448)
(1.80032, -1.18745, 9.42295)
(1.53219, -1.14914, 9.57617)
(1.41727, -1.03423, 9.38465)
(1.6471, -1.11084, 9.53786)
(1.76202, -1.30236, 9.57617)
(1.76202, -1.07253, 9.53786)
(1.76202, -1.18745, 9.61448)
(1.83862, -1.07253, 9.53786)
(1.57049, -1.18745, 9.53786)
(1.68541, -1.07253, 9.61448)
(1.76202, -1.11084, 9.49956)
(1.72371, -1.07253, 9.65278)
(1.80032, -1.03423, 9.49956)
(1.76202, -1.30236, 9.65278)
(1.6088, -0.957617, 9.61448)
(1.68541, -1.14914, 9.49956)
(1.72371, -1.14914, 9.57617)
(1.68541, -1.07253, 9.53786)
(1.6088, -1.22575, 9.76769)
(1.72371, -1.03423, 9.53786)
(1.53219, -0.995922, 9.76769)
(1.6471, -1.07253, 9.42295)
(1.76202, -1.11084, 9.46126)
(1.6471, -0.995922, 9.57617)
(1.91523, -1.11084, 9.69109)
(1.6088, -1.11084, 9.57617)
(1.6471, -1.03423, 9.61448)
(1.83862, -1.18745, 9.38465)
(1.49388, -1.07253, 9.65278)
(1.49388, -1.03423, 9.53786)
(1.57049, -1.18745, 9.42295)
(1.57049, -1.07253, 9.65278)
(1.80032, -1.14914, 9.57617)
(1.57049, -1.30236, 9.42295)
(1.6088, -1.14914, 9.49956)
(1.83862, -1.14914, 9.76769)
(1.68541, -1.26405, 9.49956)
(1.49388, -1.11084, 9.49956)
(1.72371, -1.26405, 9.72939)
(1.80032, -1.07253, 9.38465)
(1.72371, -1.26405, 9.46126)
(1.6088, -1.03423, 9.57617)
(1.87693, -1.07253, 9.61448)
(1.99184, -1.14914, 9.57617)
(1.83862, -1.07253, 9.46126)
(1.80032, -1.07253, 9.57617)
(1.95354, -1.07253, 9.53786)
(1.83862, -0.995922, 9.46126)
(1.95354, -1.07253, 9.65278)
(1.83862, -1.11084, 9.65278)
(1.68541, -1.03423, 9.53786)
(1.87693, -1.18745, 9.34634)
(1.80032, -1.03423, 9.53786)
(1.72371, -1.14914, 9.72939)
(1.76202, -1.07253, 9.57617)
(1.80032, -1.22575, 9.42295)
(1.87693, -1.14914, 9.53786)
(1.76202, -1.03423, 9.69109)
(1.95354, -1.18745, 9.30804)
(1.91523, -1.14914, 9.53786)
(1.83862, -1.26405, 9.65278)
(2.03015, -1.14914, 9.46126)
(2.10676, -1.14914, 9.34634)
(1.91523, -1.18745, 9.53786)
(1.87693, -1.14914, 9.46126)
(1.99184, -1.11084, 9.49956)
(2.03015, -0.957617, 9.49956)
(1.95354, -1.11084, 9.57617)
(2.06845, -1.14914, 9.23143)
(1.87693, -1.22575, 9.49956)
(1.95354, -1.03423, 9.42295)
(2.06845, -1.26405, 9.806)
(1.99184, -1.18745, 9.46126)
(1.80032, -1.11084, 9.49956)
(1.83862, -1.11084, 9.61448)
(1.83862, -1.30236, 9.53786)
(1.87693, -1.14914, 9.49956)
(1.95354, -1.14914, 9.57617)
(1.95354, -1.26405, 9.53786)
(1.91523, -1.07253, 9.61448)
(1.87693, -1.07253, 9.53786)
(2.06845, -1.22575, 9.38465)
(1.95354, -1.14914, 9.49956)
(2.03015, -1.07253, 9.53786)
(1.95354, -1.07253, 9.49956)
(2.06845, -0.995922, 9.88261)
(1.99184, -1.14914, 9.46126)
(1.87693, -1.14914, 9.61448)
(2.14506, -1.11084, 9.34634)
(1.91523, -1.18745, 9.42295)
(1.83862, -1.18745, 9.46126)
(1.72371, -1.18745, 9.38465)
(1.83862, -1.18745, 9.49956)
(2.10676, -1.18745, 9.46126)
(1.95354, -1.18745, 9.53786)
(1.87693, -1.14914, 9.69109)
(1.99184, -1.14914, 9.49956)
(2.03015, -1.07253, 9.61448)
(2.10676, -1.26405, 9.49956)
(1.80032, -1.11084, 9.72939)
(1.99184, -1.11084, 9.53786)
(1.95354, -1.30236, 9.53786)
(1.68541, -1.14914, 9.65278)
(1.87693, -1.18745, 9.61448)
(1.83862, -1.07253, 9.57617)
(2.06845, -1.14914, 9.34634)
(1.72371, -1.14914, 9.57617)
(1.6471, -1.11084, 9.38465)
(1.91523, -1.22575, 9.49956)
(1.95354, -1.14914, 9.57617)
(1.80032, -1.11084, 9.65278)
(1.95354, -1.14914, 9.65278)
(1.99184, -1.18745, 9.53786)
(2.06845, -1.22575, 9.46126)
(2.18337, -1.14914, 9.69109)
(1.83862, -1.03423, 9.53786)
(2.06845, -1.07253, 9.42295)
(2.29828, -1.18745, 9.76769)
(1.80032, -1.14914, 9.34634)
(1.76202, -1.22575, 9.57617)
(2.06845, -1.18745, 9.53786)
(1.87693, -0.957617, 9.61448)
(1.99184, -1.14914, 9.806)
(1.83862, -0.995922, 9.42295)
(1.87693, -1.18745, 9.72939)
(1.91523, -1.22575, 9.42295)
(1.72371, -1.14914, 9.53786)
(1.87693, -1.03423, 9.57617)
(1.83862, -1.07253, 9.57617)
(1.80032, -1.07253, 9.65278)
(1.87693, -0.995922, 9.30804)
(1.83862, -1.03423, 9.57617)
(1.80032, -1.07253, 9.57617)
(2.03015, -1.18745, 9.53786)
(1.83862, -1.11084, 9.23143)
(1.87693, -1.18745, 9.53786)
(2.03015, -1.18745, 9.57617)
(1.95354, -1.11084, 9.61448)
(1.95354, -1.18745, 9.49956)
(2.10676, -1.11084, 9.57617)
(1.95354, -0.919312, 9.46126)
(1.80032, -1.18745, 9.46126)
(1.99184, -1.11084, 9.49956)
(1.95354, -1.14914, 9.53786)
(1.80032, -1.07253, 9.69109)
(1.87693, -1.11084, 9.46126)
(1.83862, -0.995922, 9.49956)
(1.83862, -1.22575, 9.49956)
(1.80032, -1.18745, 9.53786)
(1.91523, -1.11084, 9.53786)
(1.91523, -1.14914, 9.49956)
(1.68541, -1.11084, 9.53786)
(1.76202, -1.07253, 9.65278)
(1.80032, -1.14914, 9.42295)
(1.76202, -1.03423, 9.57617)
(1.87693, -1.11084, 9.42295)
(1.99184, -1.11084, 9.46126)
(2.06845, -1.11084, 9.57617)
(1.87693, -1.11084, 9.46126)
(1.83862, -1.11084, 9.57617)
(1.72371, -1.14914, 9.57617)
(1.76202, -1.07253, 9.42295)
(1.87693, -1.07253, 9.26973)
(1.87693, -1.11084, 9.53786)
(1.72371, -1.14914, 9.53786)
(1.99184, -1.11084, 9.72939)
(1.68541, -1.11084, 9.57617)
(1.76202, -1.18745, 9.23143)
(1.80032, -1.11084, 9.57617)
(1.95354, -0.995922, 9.46126)
(1.80032, -1.03423, 9.57617)
(1.68541, -1.07253, 9.46126)
(1.76202, -1.14914, 9.53786)
(1.6471, -1.18745, 9.38465)
(1.68541, -1.14914, 9.49956)
(1.68541, -1.07253, 9.65278)
(1.76202, -1.07253, 9.53786)
(1.6471, -1.18745, 9.65278)
(1.80032, -1.07253, 9.49956)
(1.80032, -1.07253, 9.53786)
(1.72371, -1.03423, 9.69109)
(1.68541, -1.11084, 9.46126)
(1.57049, -1.07253, 9.42295)
(1.80032, -1.18745, 9.49956)
(1.6088, -1.11084, 9.23143)
(1.6471, -0.995922, 9.57617)
(1.87693, -1.14914, 9.69109)
(1.80032, -1.22575, 9.57617)
(1.68541, -1.11084, 9.53786)
(1.72371, -0.957617, 9.57617)
(1.83862, -1.07253, 9.806)
(1.80032, -1.22575, 9.65278)
(1.80032, -1.18745, 9.49956)
(1.6471, -1.14914, 9.69109)
(1.68541, -0.957617, 9.72939)
(1.87693, -1.07253, 9.53786)
(1.80032, -1.14914, 9.46126)
(1.6088, -1.18745, 9.46126)
(1.68541, -0.957617, 9.88261)
(1.68541, -1.03423, 9.57617)
(1.68541, -1.14914, 9.49956)
(1.80032, -1.07253, 9.57617)
(1.72371, -1.18745, 9.61448)
(1.68541, -1.07253, 9.49956)
(1.76202, -1.22575, 9.65278)
(1.68541, -1.18745, 9.61448)
(1.76202, -1.03423, 9.53786)
(1.6088, -1.07253, 9.53786)
(1.68541, -1.03423, 9.53786)
(1.83862, -1.22575, 9.49956)
(1.83862, -0.957617, 9.49956)
(1.6088, -1.07253, 9.69109)
(1.6471, -1.14914, 9.42295)
(1.87693, -1.07253, 9.53786)
(1.72371, -1.03423, 9.49956)
(1.6088, -1.11084, 9.46126)
(1.37897, -1.14914, 9.42295)
(1.72371, -1.07253, 9.57617)
(1.49388, -1.18745, 9.53786)
(1.6088, -1.03423, 9.61448)
(1.68541, -1.14914, 9.61448)
(1.68541, -0.957617, 9.65278)
(1.57049, -1.14914, 9.57617)
(1.57049, -1.11084, 9.57617)
(1.68541, -1.22575, 9.49956)
(1.80032, -1.26405, 9.61448)
(1.80032, -0.995922, 9.53786)
(1.68541, -0.995922, 9.46126)
(1.68541, -1.03423, 9.57617)
(1.53219, -0.881008, 9.57617)
(1.45558, -1.03423, 9.30804)
(1.6088, -1.03423, 9.57617)
(1.95354, -1.07253, 9.8443)
(1.6471, -1.07253, 9.57617)
(1.53219, -1.03423, 9.61448)
(1.53219, -1.07253, 9.38465)
(1.6471, -0.995922, 9.53786)
(1.68541, -1.03423, 9.76769)
(1.6088, -1.07253, 9.69109)
(1.41727, -1.11084, 9.23143)
(1.72371, -1.14914, 9.57617)
(1.34066, -1.07253, 9.69109)
(1.49388, -1.18745, 9.46126)
(1.6088, -1.07253, 9.65278)
(1.37897, -1.11084, 9.61448)
(1.37897, -0.957617, 9.53786)
(1.49388, -1.07253, 9.72939)
(1.6471, -0.881008, 9.61448)
(1.57049, -1.11084, 9.61448)
(1.53219, -0.842703, 9.61448)
(1.53219, -1.03423, 9.61448)
(1.34066, -0.957617, 9.57617)
(1.45558, -0.995922, 9.69109)
(1.6471, -0.919312, 9.61448)
(1.34066, -1.11084, 9.69109)
(1.49388, -0.995922, 9.69109)
(1.37897, -0.804398, 9.57617)
(1.37897, -0.919312, 9.65278)
(1.34066, -1.07253, 9.61448)
(1.30236, -1.14914, 9.65278)
(1.45558, -0.995922, 9.61448)
(1.49388, -0.804398, 9.8443)
(1.45558, -0.881008, 9.61448)
(1.11084, -1.03423, 9.88261)
(1.34066, -0.995922, 9.53786)
(1.30236, -0.957617, 9.57617)
(1.22575, -0.881008, 9.72939)
(1.41727, -1.03423, 9.65278)
(1.37897, -0.957617, 9.72939)
(1.26405, -0.766094, 9.49956)
(1.18745, -0.995922, 9.34634)
(1.37897, -0.957617, 9.57617)
(1.49388, -1.30236, 9.61448)
(1.30236, -0.995922, 9.65278)
(1.45558, -0.957617, 9.61448)
(1.45558, -0.957617, 9.61448)
(1.49388, -1.07253, 9.46126)
(1.57049, -1.18745, 9.61448)
(1.6088, -0.995922, 9.69109)
(1.6088, -0.995922, 9.46126)
(1.6471, -1.07253, 9.38465)
(1.68541, -1.11084, 9.57617)
(1.45558, -0.957617, 9.34634)
(1.45558, -1.14914, 9.46126)
(1.6088, -1.07253, 9.46126)
(1.37897, -1.18745, 9.34634)
(1.37897, -0.995922, 9.49956)
(1.53219, -1.07253, 9.72939)
(1.57049, -0.957617, 9.53786)
(1.72371, -1.03423, 9.65278)
(1.6088, -1.11084, 9.42295)
(1.6088, -1.18745, 9.57617)
(1.45558, -1.07253, 9.49956)
(1.57049, -0.995922, 9.46126)
(1.53219, -0.995922, 9.61448)
(1.45558, -1.03423, 9.42295)
(1.49388, -0.957617, 9.72939)
(1.45558, -0.919312, 9.49956)
(1.49388, -0.995922, 9.76769)
(1.6471, -1.11084, 9.69109)
(1.53219, -1.11084, 9.53786)
(1.34066, -1.14914, 9.53786)
(1.57049, -1.03423, 9.65278)
(1.6471, -1.07253, 9.65278)
(1.53219, -1.03423, 9.61448)
(1.49388, -0.881008, 9.65278)
(1.49388, -0.957617, 9.61448)
(1.68541, -0.995922, 9.46126)
(1.53219, -0.995922, 9.46126)
(1.53219, -1.07253, 9.61448)
(1.72371, -0.919312, 9.99752)
(1.53219, -1.14914, 9.57617)
(1.6088, -0.995922, 9.53786)
(1.49388, -1.14914, 9.61448)
(1.6088, -1.03423, 9.65278)
(1.37897, -1.03423, 9.65278)
(1.41727, -0.919312, 9.72939)
(1.41727, -1.07253, 9.57617)
(1.30236, -1.03423, 9.26973)
(1.41727, -1.03423, 9.46126)
(1.34066, -0.995922, 9.61448)
(1.45558, -1.07253, 9.53786)
(1.41727, -0.995922, 9.46126)
(1.37897, -0.995922, 9.53786)
(1.45558, -1.07253, 9.42295)
(1.37897, -1.03423, 9.53786)
(1.53219, -1.07253, 9.46126)
(1.37897, -1.03423, 9.53786)
(1.49388, -1.03423, 9.61448)
(1.45558, -0.881008, 9.34634)
(1.57049, -0.995922, 9.53786)
(1.57049, -1.03423, 9.57617)
(1.53219, -0.995922, 9.65278)
(1.53219, -0.995922, 9.65278)
(1.57049, -0.957617, 9.57617)
(1.49388, -0.881008, 9.76769)
(1.41727, -1.03423, 9.57617)
(1.6088, -1.11084, 9.30804)
(1.49388, -1.03423, 9.72939)
(1.49388, -1.03423, 9.61448)
(1.37897, -0.957617, 9.57617)
(1.49388, -1.07253, 9.72939)
(1.34066, -0.995922, 9.61448)
(1.34066, -0.957617, 9.61448)
(1.37897, -1.11084, 9.65278)
(1.14914, -1.03423, 9.49956)
(1.34066, -0.995922, 9.46126)
(1.49388, -1.18745, 9.57617)
(1.22575, -0.957617, 9.57617)
(1.45558, -1.03423, 9.34634)
(1.34066, -0.804398, 9.38465)
(1.34066, -0.957617, 9.61448)
(1.37897, -1.07253, 9.69109)
(1.49388, -0.957617, 9.65278)
(1.34066, -1.11084, 9.42295)
(1.53219, -1.03423, 9.57617)
(1.57049, -0.995922, 9.57617)
(1.34066, -1.07253, 9.69109)
(1.41727, -1.03423, 9.46126)
(1.37897, -1.14914, 9.61448)
(1.37897, -1.11084, 9.69109)
(1.41727, -0.957617, 9.53786)
(1.45558, -0.919312, 9.65278)
(1.49388, -1.07253, 9.53786)
(1.37897, -1.07253, 9.69109)
(1.18745, -0.957617, 9.57617)
(1.03423, -1.03423, 9.57617)
(1.22575, -0.919312, 9.76769)
(1.37897, -0.995922, 9.72939)
(1.18745, -1.07253, 9.46126)
(1.37897, -1.03423, 9.53786)
(1.37897, -1.03423, 9.42295)
(1.34066, -0.957617, 9.49956)
(1.30236, -1.11084, 9.806)
(1.6088, -0.957617, 9.65278)
(1.68541, -1.03423, 9.57617)
(1.41727, -0.995922, 9.53786)
(1.49388, -1.07253, 9.76769)
(1.49388, -1.11084, 9.65278)
(1.53219, -1.07253, 9.61448)
(1.45558, -0.957617, 9.49956)
(1.53219, -0.957617, 9.65278)
(1.30236, -1.11084, 9.46126)
(1.18745, -0.957617, 9.49956)
(1.57049, -1.03423, 9.53786)
(1.49388, -1.14914, 9.42295)
(1.53219, -0.995922, 9.61448)
(1.34066, -0.995922, 9.53786)
(1.49388, -1.07253, 9.806)
(1.41727, -0.995922, 9.76769)
(1.49388, -1.11084, 9.65278)
(1.41727, -1.03423, 9.72939)
(1.53219, -0.995922, 9.49956)
(1.37897, -1.03423, 9.65278)
(1.57049, -1.03423, 9.42295)
(1.45558, -1.07253, 9.49956)
(1.57049, -1.11084, 9.72939)
(1.68541, -1.03423, 9.53786)
(2.10676, -0.957617, 10.1507)
(0.344742, -0.689484, 9.69109)
(-0.229828, -0.65118, 10.2273)
(-0.229828, -1.30236, 9.99752)
(0.114914, -1.76202, 9.19312)
(-0.0383047, -1.72371, 8.23551)
(2.94946, -2.41319, 8.58025)
(2.94946, -1.6471, 9.69109)
(2.71963, -1.68541, 10.8402)
(2.25998, -1.49388, 8.84838)
(2.41319, -0.919312, 9.72939)
(2.37489, -1.34066, 9.23143)
(2.37489, -1.37897, 9.57617)
(2.33659, -1.41727, 9.19312)
(2.60472, -1.22575, 9.42295)
(2.75794, -1.37897, 9.34634)
(2.71963, -1.11084, 9.46126)
(2.83455, -1.45558, 9.23143)
(2.83455, -1.30236, 9.30804)
(2.83455, -1.30236, 9.30804)
(3.02607, -1.30236, 9.23143)
(2.79624, -1.30236, 9.0016)
(2.75794, -1.22575, 9.26973)
(2.79624, -1.30236, 9.0016)
(2.79624, -1.34066, 9.23143)
(2.83455, -1.30236, 9.34634)
(2.83455, -1.37897, 9.15482)
(2.94946, -1.41727, 9.0016)
(2.83455, -1.26405, 9.34634)
(2.79624, -1.41727, 9.26973)
(2.79624, -1.41727, 9.07821)
(2.91116, -1.26405, 9.30804)
(2.91116, -1.45558, 9.26973)
(2.83455, -1.22575, 9.42295)
(2.75794, -1.49388, 9.34634)
(2.68133, -1.26405, 9.07821)
(2.79624, -1.37897, 9.38465)
(2.83455, -1.30236, 9.30804)
(2.79624, -1.37897, 9.30804)
(2.79624, -1.41727, 9.30804)
(2.79624, -1.49388, 9.07821)
(2.94946, -1.37897, 9.23143)
(3.02607, -1.18745, 9.34634)
(2.68133, -1.34066, 9.23143)
(2.79624, -1.34066, 9.15482)
(2.98777, -1.30236, 9.34634)
(2.94946, -1.34066, 9.38465)
(2.91116, -1.41727, 9.23143)
(2.83455, -1.45558, 9.26973)
(2.79624, -1.41727, 9.23143)
(2.64302, -1.34066, 9.38465)
(2.79624, -1.34066, 9.19312)
(2.87285, -1.37897, 9.38465)
(2.87285, -1.34066, 9.46126)
(2.87285, -1.37897, 9.26973)
(2.79624, -1.49388, 9.42295)
(2.98777, -1.34066, 9.11651)
(2.79624, -1.37897, 9.23143)
(2.71963, -1.30236, 9.30804)
(2.83455, -1.30236, 9.42295)
(2.91116, -1.34066, 9.42295)
(2.91116, -1.45558, 9.38465)
(2.83455, -1.41727, 9.30804)
(2.87285, -1.45558, 9.23143)
(2.91116, -1.37897, 9.0016)
(2.83455, -1.34066, 9.26973)
(2.83455, -1.34066, 9.34634)
(2.75794, -1.37897, 9.15482)
(2.79624, -1.37897, 9.34634)
(2.91116, -1.34066, 9.30804)
(2.87285, -1.41727, 9.26973)
(2.83455, -1.34066, 9.46126)
(2.79624, -1.34066, 9.30804)
(2.75794, -1.49388, 9.23143)
(2.91116, -1.18745, 9.38465)
(2.75794, -1.22575, 9.23143)
(2.79624, -1.34066, 9.46126)
(2.79624, -1.41727, 9.26973)
(2.79624, -1.37897, 9.26973)
(2.87285, -1.41727, 9.30804)
(2.91116, -1.41727, 9.61448)
(2.71963, -1.37897, 9.26973)
(2.83455, -1.34066, 9.19312)
(2.79624, -1.30236, 9.26973)
(2.87285, -1.45558, 9.30804)
(2.83455, -1.22575, 9.34634)
(2.98777, -1.41727, 9.19312)
(2.68133, -1.37897, 9.49956)
(2.79624, -1.34066, 9.34634)
(2.68133, -1.41727, 9.26973)
(2.75794, -1.41727, 9.23143)
(2.75794, -1.22575, 9.53786)
(2.87285, -1.18745, 9.07821)
(2.71963, -1.30236, 9.30804)
(2.79624, -1.37897, 9.38465)
(2.83455, -1.26405, 9.34634)
(2.87285, -1.41727, 9.46126)
(2.75794, -1.45558, 9.34634)
(2.83455, -1.45558, 9.34634)
(2.79624, -1.30236, 9.26973)
(2.94946, -1.26405, 9.23143)
(2.83455, -1.37897, 9.26973)
(2.75794, -1.49388, 9.30804)
(2.94946, -1.41727, 9.30804)
(2.79624, -1.30236, 9.23143)
(2.75794, -1.34066, 9.53786)
(2.71963, -1.41727, 9.38465)
(2.79624, -1.26405, 9.26973)
(2.56641, -1.03423, 9.07821)
(3.14098, -1.45558, 9.23143)
(2.71963, -1.49388, 9.19312)
(2.68133, -1.34066, 9.46126)
(2.75794, -1.14914, 9.23143)
(2.71963, -1.41727, 9.03991)
(2.94946, -1.49388, 9.76769)
(2.83455, -1.34066, 9.15482)
(2.83455, -1.37897, 9.26973)
(2.68133, -1.49388, 9.15482)
(3.17929, -1.26405, 9.03991)
(3.37081, -1.34066, 9.26973)
(2.87285, -1.34066, 9.46126)
(2.75794, -1.49388, 9.03991)
(3.02607, -1.34066, 9.23143)
(3.10268, -1.49388, 9.23143)
(3.14098, -1.30236, 9.30804)
(2.87285, -1.49388, 9.38465)
(2.98777, -1.41727, 9.15482)
(3.10268, -1.34066, 9.15482)
(2.87285, -1.34066, 9.26973)
(3.33251, -1.6088, 10.1124)
(3.44742, -1.14914, 9.0016)
(3.06437, -1.45558, 9.30804)
(2.98777, -1.41727, 9.23143)
(3.02607, -1.30236, 9.42295)
(2.98777, -0.536266, 7.50772)
(3.21759, -1.30236, 9.46126)
(2.91116, -1.57049, 9.11651)
(2.79624, -1.45558, 9.07821)
(2.91116, -1.26405, 9.19312)
(2.98777, -1.53219, 9.23143)
(3.21759, -1.30236, 8.88668)
(3.2559, -1.53219, 9.07821)
(3.06437, -1.45558, 9.34634)
(3.14098, -1.41727, 9.23143)
(3.17929, -1.37897, 9.03991)
(3.2559, -1.6471, 9.49956)
(3.06437, -1.41727, 9.15482)
(3.10268, -1.41727, 9.23143)
(3.02607, -1.34066, 9.42295)
(3.14098, -1.22575, 9.23143)
(3.17929, -1.41727, 9.34634)
(3.21759, -1.45558, 9.26973)
(3.2559, -1.45558, 9.34634)
(3.2559, -1.37897, 9.30804)
(3.33251, -1.26405, 9.15482)
(3.2559, -1.45558, 9.19312)
(3.2559, -1.45558, 9.07821)
(3.33251, -1.41727, 9.46126)
(3.17929, -1.57049, 9.15482)
(3.17929, -1.45558, 8.88668)
(3.44742, -1.26405, 9.38465)
(3.56234, -1.45558, 8.96329)
(3.14098, -1.41727, 9.07821)
(3.14098, -1.41727, 9.42295)
(3.2559, -1.41727, 9.19312)
(3.2559, -1.37897, 9.15482)
(3.2942, -1.41727, 9.19312)
(3.10268, -1.53219, 9.23143)
(3.33251, -1.45558, 9.34634)
(3.2942, -1.37897, 9.19312)
(3.21759, -1.53219, 9.15482)
(3.17929, -1.41727, 9.07821)
(3.17929, -1.45558, 9.38465)
(3.10268, -1.41727, 9.23143)
(3.2559, -1.57049, 8.96329)
(3.10268, -1.45558, 9.19312)
(3.17929, -1.34066, 9.19312)
(3.21759, -1.49388, 9.42295)
(3.21759, -1.41727, 9.15482)
(3.21759, -1.41727, 9.49956)
(3.06437, -1.41727, 9.15482)
(3.21759, -1.37897, 9.19312)
(3.2942, -1.45558, 9.19312)
(3.06437, -1.30236, 9.23143)
(2.83455, -1.53219, 9.0016)
(3.21759, -1.37897, 9.23143)
(3.2559, -1.45558, 9.07821)
(3.10268, -1.57049, 8.96329)
(3.2942, -1.34066, 9.19312)
(3.2559, -1.49388, 9.11651)
(2.98777, -1.53219, 9.15482)
(3.2559, -1.49388, 9.0016)
(3.21759, -1.37897, 9.19312)
(3.33251, -1.49388, 9.23143)
(3.14098, -1.53219, 9.03991)
(3.21759, -1.34066, 9.11651)
(3.2559, -1.45558, 9.07821)
(3.10268, -1.41727, 9.0016)
(3.2559, -1.53219, 9.19312)
(3.06437, -1.57049, 9.11651)
(3.2559, -1.34066, 9.07821)
(3.14098, -1.45558, 9.30804)
(3.2942, -1.41727, 9.11651)
(3.40912, -1.41727, 9.07821)
(3.40912, -1.49388, 9.11651)
(3.33251, -1.49388, 9.26973)
(3.2559, -1.45558, 8.96329)
(3.2942, -1.57049, 9.19312)
(3.2942, -1.57049, 9.38465)
(3.67725, -1.53219, 9.07821)
(3.40912, -1.6471, 8.92499)
(3.48573, -1.41727, 9.11651)
(3.56234, -1.45558, 8.73347)
(3.48573, -1.49388, 9.38465)
(3.40912, -1.57049, 9.11651)
(3.52403, -1.49388, 9.03991)
(3.63894, -1.49388, 9.0016)
(3.33251, -1.53219, 9.0016)
(3.56234, -1.41727, 8.88668)
(3.75386, -1.53219, 9.03991)
(3.67725, -1.53219, 9.07821)
(3.94538, -1.57049, 9.03991)
(3.56234, -1.41727, 8.73347)
(3.56234, -1.45558, 8.96329)
(3.56234, -1.53219, 8.88668)
(3.71555, -1.45558, 9.0016)
(3.56234, -1.49388, 9.07821)
(3.60064, -1.53219, 8.88668)
(3.52403, -1.53219, 8.96329)
(3.37081, -1.41727, 9.11651)
(3.67725, -1.68541, 9.03991)
(3.67725, -1.53219, 9.07821)
(3.37081, -1.41727, 9.19312)
(3.63894, -1.72371, 9.03991)
(3.44742, -1.49388, 9.03991)
(3.40912, -1.53219, 9.15482)
(3.40912, -1.41727, 9.07821)
(3.37081, -1.6471, 9.0016)
(3.44742, -1.37897, 8.96329)
(3.48573, -1.57049, 8.77177)
(3.44742, -1.53219, 9.19312)
(3.52403, -1.37897, 8.92499)
(3.44742, -1.37897, 8.92499)
(3.40912, -1.76202, 9.11651)
(3.52403, -1.37897, 9.0016)
(3.33251, -1.57049, 9.07821)
(3.52403, -1.72371, 8.92499)
(3.48573, -1.45558, 8.88668)
(3.37081, -1.6471, 8.84838)
(3.63894, -1.30236, 8.81008)
(3.2942, -1.45558, 8.81008)
(3.48573, -1.37897, 9.11651)
(3.44742, -1.49388, 8.73347)
(3.44742, -1.6088, 9.03991)
(3.63894, -1.49388, 8.88668)
(3.56234, -1.57049, 9.15482)
(3.48573, -1.57049, 8.92499)
(3.37081, -1.45558, 9.03991)
(3.44742, -1.49388, 9.15482)
(3.60064, -1.45558, 8.88668)
(3.33251, -1.41727, 8.88668)
(3.52403, -1.49388, 9.0016)
(3.48573, -1.49388, 9.11651)
(3.63894, -1.49388, 9.03991)
(3.48573, -1.53219, 8.96329)
(3.37081, -1.49388, 9.07821)
(3.52403, -1.49388, 9.07821)
(3.40912, -1.53219, 9.26973)
(3.37081, -1.57049, 9.03991)
(3.75386, -1.37897, 9.26973)
(3.33251, -1.22575, 9.23143)
(4.21351, -1.6471, 8.31211)
(3.2942, -1.57049, 9.03991)
(3.37081, -1.34066, 9.26973)
(3.71555, -1.53219, 9.03991)
(3.94538, -1.6088, 8.96329)
(3.37081, -1.34066, 9.23143)
(3.37081, -1.45558, 8.92499)
(3.60064, -1.49388, 9.23143)
(3.44742, -1.34066, 9.0016)
(3.48573, -1.68541, 8.88668)
(3.44742, -1.11084, 9.11651)
(3.60064, -1.72371, 8.84838)
(3.63894, -1.57049, 9.11651)
(3.71555, -1.6088, 9.07821)
(3.2559, -1.37897, 9.15482)
(3.17929, -1.37897, 9.15482)
(3.98369, -1.91523, 8.88668)
(3.37081, -1.14914, 8.88668)
(3.48573, -1.53219, 9.15482)
(3.75386, -1.53219, 9.03991)
(3.56234, -1.45558, 9.23143)
(3.56234, -1.41727, 9.07821)
(3.83047, -1.57049, 8.92499)
(3.2942, -1.41727, 9.11651)
(3.56234, -1.45558, 9.07821)
(3.56234, -1.68541, 9.03991)
(3.33251, -1.45558, 9.0016)
(3.33251, -1.53219, 8.96329)
(3.33251, -1.41727, 8.92499)
(3.40912, -1.53219, 9.11651)
(3.71555, -1.49388, 9.11651)
(3.83047, -1.6088, 9.03991)
(3.10268, -1.37897, 9.03991)
(3.67725, -1.41727, 9.03991)
(3.67725, -1.53219, 9.19312)
(3.63894, -1.53219, 8.88668)
(3.06437, -1.22575, 8.12059)
(3.56234, -1.68541, 9.46126)
(3.75386, -1.49388, 8.81008)
(3.63894, -1.68541, 9.11651)
(3.37081, -1.22575, 8.61855)
(3.94538, -1.49388, 9.15482)
(3.90708, -1.53219, 9.0016)
(3.40912, -1.45558, 9.03991)
(3.37081, -1.57049, 9.11651)
(3.56234, -1.53219, 9.26973)
(3.37081, -1.41727, 8.92499)
(3.33251, -1.49388, 9.19312)
(3.44742, -1.45558, 9.07821)
(3.48573, -1.57049, 9.19312)
(3.2942, -1.45558, 8.73347)
(3.52403, -1.41727, 9.0016)
(3.37081, -1.49388, 9.0016)
(3.48573, -1.45558, 8.84838)
(3.52403, -1.57049, 9.30804)
(3.40912, -1.49388, 9.19312)
(3.2559, -1.57049, 9.19312)
(3.33251, -1.41727, 9.07821)
(3.2942, -1.49388, 9.19312)
(3.33251, -1.49388, 8.88668)
(3.2559, -1.41727, 9.11651)
(3.56234, -1.53219, 9.03991)
(3.44742, -1.41727, 9.07821)
(3.44742, -1.45558, 9.23143)
(3.48573, -1.41727, 8.96329)
(3.44742, -1.41727, 9.46126)
(3.40912, -1.49388, 9.15482)
(3.21759, -1.45558, 9.11651)
(3.2942, -1.45558, 9.11651)
(3.40912, -1.45558, 9.15482)
(3.2942, -1.49388, 9.19312)
(3.33251, -1.49388, 9.11651)
(3.2559, -1.53219, 9.15482)
(3.40912, -1.41727, 9.26973)
(3.33251, -1.57049, 9.19312)
(3.2942, -1.49388, 9.23143)
(3.33251, -1.45558, 9.23143)
(3.2942, -1.26405, 9.23143)
(3.2559, -1.49388, 8.92499)
(3.48573, -1.68541, 8.88668)
(3.48573, -1.49388, 9.26973)
(3.2942, -1.37897, 9.26973)
(3.2942, -1.53219, 9.11651)
(3.2942, -1.53219, 9.19312)
(3.33251, -1.41727, 9.07821)
(3.48573, -1.49388, 9.11651)
(3.2942, -1.6088, 9.15482)
(3.33251, -1.41727, 9.23143)
(3.52403, -1.53219, 9.0016)
(3.40912, -1.49388, 9.0016)
(3.2942, -1.45558, 9.11651)
(3.44742, -1.6088, 8.96329)
(3.40912, -1.41727, 9.30804)
(3.2559, -1.45558, 9.19312)
(3.40912, -1.6471, 9.38465)
(3.17929, -1.57049, 9.15482)
(3.06437, -1.45558, 9.57617)
(3.2559, -1.45558, 9.03991)
(3.52403, -1.37897, 8.96329)
(3.56234, -1.53219, 8.92499)
(3.21759, -1.49388, 9.19312)
(3.17929, -1.37897, 9.07821)
(3.44742, -1.53219, 9.11651)
(3.06437, -1.49388, 9.07821)
(3.44742, -1.57049, 9.03991)
(3.21759, -1.41727, 9.19312)
(3.60064, -1.6088, 9.38465)
(3.33251, -1.49388, 9.11651)
(3.2559, -1.53219, 9.19312)
(3.56234, -1.6088, 9.15482)
(3.21759, -1.41727, 9.19312)
(3.2942, -1.53219, 9.30804)
(3.40912, -1.53219, 9.0016)
(3.10268, -1.34066, 9.07821)
(3.02607, -1.41727, 9.30804)
(3.2942, -1.41727, 9.34634)
(3.17929, -1.49388, 9.26973)
(3.52403, -1.53219, 9.07821)
(3.44742, -1.41727, 9.15482)
(3.37081, -1.45558, 9.07821)
(3.33251, -1.6088, 8.96329)
(3.67725, -1.45558, 9.15482)
(3.2942, -1.49388, 9.15482)
(3.40912, -1.45558, 8.96329)
(3.94538, -1.6088, 9.0016)
(4.02199, -1.72371, 9.0016)
(3.44742, -1.26405, 9.07821)
(3.86877, -1.6471, 9.0016)
(3.83047, -1.6471, 8.92499)
(3.86877, -1.49388, 8.58025)
(3.60064, -1.45558, 8.77177)
(3.75386, -1.45558, 8.81008)
(3.48573, -1.57049, 8.88668)
(3.75386, -1.53219, 8.96329)
(3.48573, -1.45558, 8.84838)
(3.63894, -1.53219, 9.03991)
(3.60064, -1.53219, 8.96329)
(3.75386, -1.49388, 9.23143)
(3.60064, -1.53219, 9.07821)
(3.67725, -1.57049, 8.96329)
(3.52403, -1.34066, 9.19312)
(3.63894, -1.57049, 9.07821)
(3.86877, -1.49388, 8.92499)
(3.67725, -1.6088, 9.19312)
(3.63894, -1.45558, 9.11651)
(3.75386, -1.6088, 8.77177)
(3.60064, -1.53219, 9.15482)
(3.44742, -1.41727, 8.88668)
(3.67725, -1.49388, 8.92499)
(3.67725, -1.6088, 8.73347)
(3.56234, -1.68541, 9.19312)
(3.60064, -1.49388, 8.92499)
(3.67725, -1.53219, 9.0016)
(3.63894, -1.49388, 8.88668)
(3.44742, -1.49388, 9.03991)
(3.2942, -1.53219, 9.11651)
(3.63894, -1.53219, 9.07821)
(3.56234, -1.53219, 9.0016)
(3.52403, -1.41727, 9.03991)
(3.56234, -1.6088, 9.11651)
(3.63894, -1.53219, 9.03991)
(3.33251, -1.57049, 8.92499)
(3.52403, -1.45558, 9.07821)
(3.71555, -1.53219, 8.92499)
(3.56234, -1.57049, 9.0016)
(3.52403, -1.41727, 9.15482)
(3.52403, -1.41727, 9.03991)
(3.2942, -1.57049, 9.11651)
(3.52403, -1.57049, 9.23143)
(3.56234, -1.53219, 9.11651)
(3.52403, -1.14914, 9.07821)
(3.2942, -1.57049, 9.15482)
(3.44742, -1.68541, 8.96329)
(3.2942, -1.53219, 8.92499)
(3.33251, -1.37897, 9.15482)
(3.60064, -1.53219, 9.07821)
(3.44742, -1.53219, 9.11651)
(3.40912, -1.30236, 8.96329)
(3.44742, -1.49388, 9.11651)
(3.40912, -1.41727, 9.19312)
(3.33251, -1.30236, 9.23143)
(3.37081, -1.57049, 9.15482)
(3.2942, -1.45558, 8.96329)
(3.60064, -1.57049, 9.03991)
(3.44742, -1.6088, 9.07821)
(3.33251, -1.45558, 9.07821)
(3.21759, -1.30236, 9.11651)
(3.52403, -1.57049, 8.73347)
(3.37081, -1.41727, 8.92499)
(3.33251, -1.49388, 9.11651)
(3.06437, -1.72371, 9.42295)
(3.48573, -1.53219, 9.03991)
(3.63894, -1.53219, 9.15482)
(3.2942, -1.45558, 9.11651)
(3.56234, -1.6088, 9.0016)
(3.52403, -1.49388, 9.11651)
(3.37081, -1.49388, 9.19312)
(3.40912, -1.49388, 9.23143)
(3.33251, -1.45558, 8.88668)
(3.40912, -1.57049, 9.11651)
(3.52403, -1.49388, 8.92499)
(3.21759, -1.41727, 9.23143)
(3.37081, -1.57049, 9.15482)
(3.2942, -1.34066, 9.19312)
(3.44742, -1.57049, 9.07821)
(3.37081, -1.49388, 9.07821)
(3.52403, -1.6088, 9.03991)
(3.37081, -1.45558, 9.03991)
(3.2559, -1.45558, 9.26973)
(3.52403, -1.37897, 9.15482)
(3.2942, -1.49388, 9.19312)
(3.52403, -1.45558, 9.0016)
(3.63894, -1.57049, 9.0016)
(3.44742, -1.41727, 9.15482)
(3.40912, -1.45558, 9.15482)
(3.60064, -1.49388, 9.0016)
(3.2942, -1.57049, 9.23143)
(3.2942, -1.57049, 9.23143)
(3.40912, -1.53219, 8.92499)
(3.2559, -1.6088, 9.19312)
(3.33251, -1.41727, 9.23143)
(3.14098, -1.49388, 9.11651)
(3.2942, -1.57049, 9.15482)
(3.14098, -1.53219, 9.0016)
(3.2942, -1.53219, 9.07821)
(3.2559, -1.53219, 9.0016)
(3.52403, -1.57049, 8.96329)
(3.37081, -1.45558, 9.23143)
(3.40912, -1.6471, 9.34634)
(3.48573, -1.53219, 8.84838)
(3.56234, -1.41727, 9.30804)
(3.37081, -1.76202, 9.42295)
(3.33251, -1.37897, 9.0016)
(3.37081, -1.49388, 9.07821)
(3.40912, -1.6088, 8.88668)
(3.37081, -1.53219, 9.11651)
(3.17929, -1.57049, 9.26973)
(3.2559, -1.45558, 9.03991)
(3.2559, -1.49388, 9.11651)
(3.37081, -1.30236, 9.07821)
(3.33251, -1.41727, 9.19312)
(3.2942, -1.53219, 9.07821)
(3.33251, -1.41727, 9.15482)
(3.37081, -1.6088, 9.15482)
(3.37081, -1.41727, 8.96329)
(3.40912, -1.6471, 9.11651)
(3.60064, -1.45558, 9.30804)
(3.52403, -1.49388, 9.11651)
(3.63894, -1.53219, 9.0016)
(3.48573, -1.57049, 9.03991)
(3.56234, -1.53219, 9.07821)
(3.75386, -1.41727, 8.96329)
(3.40912, -1.53219, 9.0016)
(3.60064, -1.6088, 9.15482)
(3.52403, -1.57049, 9.07821)
(3.63894, -1.45558, 9.07821)
(3.44742, -1.6088, 9.11651)
(3.56234, -1.6471, 9.11651)
(3.33251, -1.41727, 9.0016)
(3.48573, -1.49388, 9.03991)
(3.52403, -1.49388, 9.03991)
(3.56234, -1.49388, 9.07821)
(3.40912, -1.72371, 8.92499)
(3.48573, -1.49388, 9.26973)
(3.67725, -1.53219, 8.92499)
(3.2559, -1.57049, 9.03991)
(3.67725, -1.6471, 8.69516)
(3.44742, -1.57049, 9.07821)
(3.44742, -1.6471, 9.03991)
(3.52403, -1.37897, 8.92499)
(3.60064, -1.41727, 9.0016)
(3.52403, -1.53219, 8.58025)
(3.52403, -1.6471, 8.77177)
(4.21351, -1.49388, 8.92499)
(3.90708, -1.76202, 8.54194)
(4.25182, -1.53219, 8.81008)
(3.79216, -1.45558, 8.96329)
(4.32843, -2.03015, 8.77177)
(3.86877, -1.45558, 8.88668)
(3.40912, -1.53219, 9.23143)
(3.40912, -1.6088, 9.34634)
(3.33251, -1.6471, 9.30804)
(3.52403, -1.03423, 9.61448)
(3.02607, -1.14914, 9.34634)
(2.79624, -0.957617, 9.30804)
(2.98777, -0.612875, 9.49956)
(3.37081, -0.727789, 9.23143)
(3.2559, -0.421352, 9.38465)
(3.40912, -0.344742, 9.8443)
(3.98369, -0.0766094, 9.88261)
(3.90708, 0.0, 9.26973)
(3.71555, -0.0383047, 8.12059)
(3.63894, 0.114914, 8.1589)
(3.67725, -0.0383047, 9.03991)
(3.75386, 0.459656, 9.38465)
(3.2942, 0.919312, 8.73347)
(2.71963, 0.842703, 8.92499)
(2.91116, 0.57457, 8.61855)
(3.63894, 0.995922, 9.65278)
(3.67725, 1.41727, 9.72939)
(3.79216, 0.957617, 9.46126)
(3.56234, 0.881008, 9.0016)
(3.86877, 0.383047, 8.46534)
(3.79216, -0.0383047, 8.84838)
(2.71963, 0.0, 9.26973)
(2.79624, 0.191523, 9.38465)
(2.64302, -0.612875, 9.76769)
(1.37897, -1.53219, 8.88668)
(1.6088, -1.14914, 9.95922)
(2.79624, -1.49388, 10.9168)
(1.30236, -2.18337, 9.03991)
(0.0766094, -2.10676, 9.15482)
(0.727789, -0.919312, 10.4189)
(2.56641, -0.114914, 9.806)
(2.60472, 0.0383047, 9.61448)
(3.44742, -0.383047, 9.76769)
(2.4898, -0.344742, 10.0358)
(2.71963, -1.07253, 9.19312)
(2.18337, -1.41727, 8.84838)
(2.29828, -1.03423, 9.0016)
(3.17929, -0.842703, 9.53786)
(2.60472, -1.41727, 9.26973)
(2.83455, -0.957617, 9.92091)
(2.41319, -1.30236, 8.92499)
(1.95354, -1.30236, 9.38465)
(1.95354, -1.87693, 9.806)
(2.4898, -1.95354, 9.19312)
(1.03423, -1.14914, 10.1124)
(2.25998, -2.18337, 9.65278)
(1.57049, -2.03015, 8.69516)
(1.68541, -2.03015, 9.95922)
(1.22575, -2.29828, 9.07821)
(1.11084, -2.18337, 9.15482)
(0.957617, -1.99184, 9.65278)
(0.306437, -3.17929, 8.58025)
(0.306437, -2.94946, 9.19312)
(0.421352, -3.37081, 9.07821)
(1.26405, -2.87285, 9.34634)
(1.41727, -2.79624, 9.76769)
(1.37897, -2.71963, 9.76769)
(1.41727, -2.98777, 9.69109)
(1.11084, -2.68133, 9.07821)
(1.18745, -2.4515, 9.30804)
(1.34066, -2.25998, 9.07821)
(1.49388, -3.2942, 9.92091)
(1.57049, -3.10268, 9.38465)
(1.6471, -2.41319, 7.69924)
(0.612875, -2.18337, 8.54194)
(1.03423, -2.87285, 9.30804)
(1.14914, -2.41319, 10.0358)
(-0.153219, -2.14506, 9.57617)
(-0.268133, -0.766094, 9.26973)
(0.153219, -0.65118, 9.8443)
(0.268133, -1.03423, 10.6487)
(0.114914, -0.804398, 9.92091)
(0.153219, -0.306437, 9.69109)
(1.07253, 0.0, 9.92091)
(1.22575, 0.0383047, 9.61448)
(0.957617, -0.153219, 10.1124)
(0.804398, -0.153219, 10.7253)
(1.37897, -0.344742, 10.1507)
(1.30236, -1.11084, 10.2657)
(0.842703, -1.03423, 9.57617)
(1.22575, -1.57049, 8.50364)
(1.07253, -2.41319, 9.11651)
(2.83455, -2.64302, 8.46534)
(2.75794, -1.87693, 8.50364)
(2.94946, -2.68133, 9.11651)
(3.06437, -3.17929, 7.85246)
(2.68133, -2.98777, 9.19312)
(2.14506, -2.60472, 11.1084)
(1.26405, -2.25998, 8.42703)
(2.87285, -1.11084, 9.34634)
(2.10676, -1.57049, 10.1507)
(2.79624, -0.842703, 9.34634)
(1.91523, -1.34066, 9.26973)
(2.4898, -1.99184, 9.72939)
(2.03015, -1.03423, 10.1124)
(0.612875, -0.957617, 9.65278)
(0.727789, -1.30236, 9.42295)
(1.57049, -0.881008, 9.88261)
(2.29828, -0.612875, 9.92091)
(2.25998, -1.37897, 9.95922)
(2.10676, -2.25998, 8.12059)
(1.11084, -1.45558, 8.23551)
(0.919312, -0.114914, 6.85654)
(8.04398, 0.0, 4.86469)
(10.6487, 1.37897, 1.83862)
(10.8019, 3.67725, 0.842703)
(10.6104, 5.20944, 1.34066)
(8.27381, 8.1589, 0.65118)
(8.35042, 7.66094, -0.727789)
(5.97553, 9.15482, -2.03015)
(4.67317, 6.85654, -1.83862)
(3.44742, 6.62671, -3.40912)
(4.71148, 7.00976, -4.17521)
(5.47757, 7.69924, -3.37081)
(6.70332, 10.4189, -3.75386)
(6.5118, 6.28197, -3.75386)
(4.44334, 9.30804, -1.80032)
(3.17929, 7.43111, -2.71963)
(2.52811, 6.62671, -2.83455)
(2.75794, 6.47349, -3.71555)
(3.02607, 7.20128, -4.29012)
(4.21351, 9.11651, -3.98369)
(4.78809, 9.61448, -4.17521)
(3.75386, 7.54602, -2.75794)
(4.74978, 8.1972, -2.52811)
(3.75386, 7.54602, -1.57049)
(3.86877, 6.97145, -1.72371)
(4.55826, 8.1972, -1.72371)
(5.05622, 10.9934, -2.68133)
(3.17929, 6.24366, -3.75386)
(4.02199, 9.49956, -3.17929)
(3.17929, 6.58841, -1.76202)
(3.90708, 7.43111, -2.10676)
(4.13691, 7.54602, -3.14098)
(4.13691, 10.1124, -3.2942)
(4.71148, 7.43111, -3.44742)
(4.0986, 8.46534, -2.60472)
(4.36673, 7.73755, -1.6471)
(3.98369, 7.92907, -1.14914)
(3.48573, 7.3928, -1.45558)
(3.71555, 8.27381, -2.03015)
(3.75386, 7.77585, -3.86877)
(4.55826, 9.03991, -3.02607)
(4.55826, 7.20128, -3.21759)
(3.56234, 7.00976, -2.4898)
(4.40504, 7.50772, -3.06437)
(4.78809, 9.11651, -3.40912)
(4.78809, 9.49956, -3.2559)
(4.02199, 6.97145, -2.4515)
(3.98369, 9.23143, -2.4515)
(3.67725, 7.73755, -0.881008)
(3.52403, 6.81823, -0.957617)
(3.83047, 7.73755, -1.45558)
(4.67317, 10.2273, -2.60472)
(4.9413, 7.43111, -4.02199)
(4.78809, 7.89076, -4.25182)
(3.86877, 6.81823, -1.91523)
(4.0986, 7.23959, -2.29828)
(4.86469, 8.38873, -2.98777)
(4.67317, 10.2657, -3.52403)
(3.94538, 7.27789, -1.95354)
(4.59656, 8.69516, -2.37489)
(3.75386, 6.89484, -1.14914)
(3.75386, 7.3928, -1.03423)
(3.86877, 7.66094, -1.99184)
(5.01791, 11.2999, -2.64302)
(3.56234, 6.16705, -3.17929)
(3.67725, 8.58025, -3.75386)
(3.2559, 6.62671, -2.56641)
(3.2559, 7.54602, -2.87285)
(4.0603, 7.20128, -3.21759)
(5.05622, 9.88261, -3.37081)
(3.71555, 6.93315, -2.22167)
(4.67317, 9.19312, -2.68133)
(4.67317, 7.66094, -1.6471)
(3.40912, 7.31619, -1.57049)
(3.33251, 7.58433, -2.25998)
(4.13691, 10.4189, -3.10268)
(3.83047, 6.74162, -3.17929)
(5.55418, 8.84838, -2.79624)
(5.51587, 7.00976, -1.6471)
(3.79216, 7.23959, -2.41319)
(4.0986, 8.04398, -4.13691)
(4.903, 9.65278, -4.48165)
(4.71148, 7.46941, -2.4898)
(4.78809, 7.73755, -2.52811)
(5.40096, 8.31211, -1.6471)
(5.40096, 7.81416, -0.881008)
(3.48573, 6.47349, -1.30236)
(4.13691, 7.50772, -2.33659)
(4.32843, 11.4914, -4.13691)
(4.51995, 6.62671, -3.17929)
(5.13283, 8.81008, -3.21759)
(5.13283, 6.70332, -2.03015)
(4.44334, 7.08637, -2.18337)
(4.71148, 6.74162, -2.06845)
(5.66909, 8.38873, -2.25998)
(5.55418, 7.54602, -2.41319)
(3.90708, 7.81416, -2.37489)
(3.98369, 8.23551, -2.4898)
(3.67725, 8.23551, -1.72371)
(3.90708, 7.31619, -2.25998)
(3.44742, 7.16298, -2.75794)
(4.40504, 8.81008, -2.68133)
(4.86469, 8.73347, -1.6471)
(4.21351, 8.1972, -0.804398)
(5.17113, 8.77177, -1.07253)
(5.05622, 7.96737, -1.95354)
(4.36673, 7.81416, -2.79624)
(4.0603, 7.31619, -3.98369)
(4.40504, 7.46941, -3.90708)
(4.48165, 7.92907, -4.59656)
(3.63894, 7.89076, -3.48573)
(3.56234, 8.69516, -3.44742)
(4.40504, 9.03991, -2.52811)
(3.44742, 7.69924, -1.49388)
(3.14098, 7.04806, -1.18745)
(4.55826, 8.04398, -1.76202)
(5.17113, 8.58025, -2.29828)
(5.20944, 8.65686, -2.91116)
(5.59248, 8.35042, -2.71963)
(5.47757, 6.5118, -2.14506)
(3.44742, 8.50364, -2.83455)
(2.03015, 7.89076, -2.71963)
(2.14506, 7.46941, -2.79624)
(3.60064, 7.54602, -2.91116)
(4.71148, 9.42295, -2.4898)
(4.903, 7.92907, -2.94946)
(3.86877, 8.38873, -2.56641)
(4.67317, 8.12059, -2.18337)
(3.94538, 8.31211, -1.57049)
(3.37081, 7.43111, -1.45558)
(3.2942, 7.81416, -2.29828)
(4.0603, 9.0016, -3.14098)
(3.14098, 7.89076, -3.52403)
(4.67317, 8.1589, -3.06437)
(4.59656, 7.69924, -1.6471)
(4.13691, 7.27789, -2.64302)
(4.0603, 7.77585, -3.63894)
(4.0986, 10.304, -4.903)
(3.98369, 6.5118, -3.21759)
(3.90708, 9.46126, -2.64302)
(4.25182, 7.81416, -1.87693)
(4.17521, 8.69516, -0.612875)
(3.2559, 7.20128, -3.14098)
(3.98369, 8.35042, -3.06437)
(3.56234, 6.70332, -3.2942)
(3.86877, 6.89484, -3.90708)
(4.48165, 9.11651, -2.75794)
(3.71555, 6.97145, -2.4898)
(3.71555, 7.31619, -3.2559)
(5.51587, 7.77585, -3.86877)
(6.24366, 8.77177, -4.25182)
(3.83047, 8.65686, -2.83455)
(4.903, 9.03991, -2.18337)
(3.60064, 7.66094, -1.11084)
(3.33251, 6.77993, -1.57049)
(4.25182, 6.66501, -2.79624)
(5.28605, 9.88261, -4.25182)
(5.20944, 6.20536, -3.75386)
(5.32435, 9.19312, -3.02607)
(3.44742, 6.89484, -1.95354)
(4.02199, 7.20128, -2.91116)
(3.83047, 7.62263, -3.63894)
(4.86469, 9.92091, -4.0986)
(4.59656, 7.46941, -2.83455)
(4.63487, 9.34634, -2.41319)
(4.17521, 7.54602, -1.53219)
(3.94538, 8.12059, -1.49388)
(2.75794, 6.81823, -2.41319)
(3.90708, 7.73755, -2.68133)
(3.90708, 7.96737, -2.98777)
(4.63487, 8.73347, -2.68133)
(3.63894, 7.43111, -2.83455)
(3.67725, 7.69924, -2.98777)
(3.86877, 7.27789, -3.56234)
(3.79216, 8.50364, -3.86877)
(5.01791, 9.61448, -4.55826)
(4.9413, 8.58025, -3.02607)
(4.51995, 7.96737, -1.91523)
(3.86877, 7.85246, -1.14914)
(3.17929, 6.62671, -1.11084)
(3.37081, 7.3545, -2.79624)
(5.7457, 10.3806, -3.86877)
(3.71555, 8.81008, -3.56234)
(4.40504, 8.04398, -3.44742)
(3.67725, 7.3928, -2.4898)
(3.86877, 7.81416, -2.60472)
(3.86877, 9.30804, -4.40504)
(3.17929, 8.50364, -3.14098)
(4.29012, 9.49956, -2.94946)
(4.55826, 8.23551, -1.72371)
(4.51995, 7.73755, -0.727789)
(3.44742, 6.93315, -1.34066)
(3.52403, 7.66094, -1.68541)
(5.47757, 9.46126, -3.71555)
(3.94538, 8.58025, -3.71555)
(4.78809, 7.54602, -5.40096)
(4.55826, 7.04806, -2.52811)
(3.44742, 7.00976, -1.68541)
(3.33251, 7.73755, -4.51995)
(4.59656, 10.1124, -3.52403)
(3.17929, 7.20128, -2.71963)
(5.17113, 9.07821, -2.71963)
(2.64302, 7.31619, -1.41727)
(3.83047, 7.96737, -2.29828)
(3.83047, 7.69924, -1.99184)
(4.40504, 8.38873, -2.18337)
(6.01384, 10.1124, -1.37897)
(3.33251, 7.04806, -0.689484)
(5.32435, 8.88668, -1.91523)
(3.86877, 8.23551, -2.29828)
(3.75386, 7.81416, -2.87285)
(3.67725, 7.69924, -3.14098)
(3.71555, 7.20128, -3.33251)
(4.51995, 7.31619, -3.06437)
(5.17113, 8.88668, -4.13691)
(1.37897, 8.12059, -4.13691)
(2.4515, 8.73347, -1.83862)
(2.56641, 8.58025, -2.4515)
(3.86877, 7.62263, -2.25998)
(3.75386, 7.3928, -2.18337)
(3.83047, 8.04398, -2.14506)
(4.29012, 8.65686, -2.68133)
(5.17113, 9.19312, -3.48573)
(3.40912, 7.3545, -2.41319)
(4.82639, 8.69516, -3.14098)
(4.71148, 7.81416, -2.68133)
(2.87285, 7.81416, -3.17929)
(3.71555, 8.12059, -2.71963)
(4.48165, 11.7212, -4.0603)
(0.459656, 6.89484, -2.03015)
(0.344742, 9.72939, -3.94538)
(3.02607, 7.27789, -2.41319)
(3.17929, 8.35042, -1.95354)
(2.98777, 7.3545, -1.6471)
(3.52403, 8.04398, -2.52811)
(3.48573, 11.7595, -3.94538)
(1.14914, 6.85654, -3.67725)
(3.60064, 8.73347, -3.83047)
(3.37081, 7.3928, -2.98777)
(3.44742, 7.27789, -2.4515)
(3.44742, 8.23551, -3.40912)
(3.48573, 10.0358, -4.0986)
(2.06845, 6.5501, -3.2559)
(3.90708, 9.26973, -3.67725)
(4.02199, 7.31619, -1.80032)
(3.37081, 7.46941, -1.53219)
(3.33251, 7.00976, -2.4515)
(4.25182, 8.46534, -2.56641)
(5.05622, 9.53786, -3.60064)
(3.2942, 7.69924, -3.37081)
(3.14098, 8.1589, -4.13691)
(2.52811, 7.00976, -2.91116)
(2.56641, 7.20128, -2.71963)
(4.0986, 8.81008, -3.56234)
(5.51587, 10.5721, -5.01791)
(3.63894, 6.39688, -2.64302)
(5.20944, 9.34634, -2.4898)
(3.83047, 7.73755, -1.57049)
(3.86877, 7.3545, -1.6088)
(3.33251, 7.46941, -1.87693)
(3.52403, 9.34634, -2.64302)
(3.56234, 7.04806, -3.79216)
(4.59656, 9.19312, -3.44742)
(3.37081, 7.3545, -2.37489)
(3.90708, 7.31619, -2.79624)
(3.94538, 7.16298, -3.2559)
(4.74978, 9.69109, -4.13691)
(4.63487, 6.85654, -2.87285)
(4.32843, 9.72939, -1.18745)
(4.17521, 8.04398, -1.18745)
(3.48573, 7.43111, -1.03423)
(3.33251, 6.81823, -1.57049)
(3.63894, 7.77585, -2.71963)
(4.82639, 10.9934, -3.02607)
(4.78809, 6.5118, -3.56234)
(4.63487, 8.96329, -3.21759)
(3.2559, 7.00976, -2.94946)
(3.40912, 7.12467, -3.17929)
(3.33251, 7.3545, -3.14098)
(4.21351, 8.38873, -3.14098)
(5.28605, 10.6487, -4.02199)
(3.14098, 6.62671, -2.83455)
(4.71148, 9.11651, -2.71963)
(3.75386, 7.66094, -1.30236)
(3.40912, 6.85654, -1.34066)
(3.48573, 7.58433, -1.6471)
(3.52403, 9.88261, -3.17929)
(3.14098, 7.46941, -4.44334)
(3.94538, 8.69516, -3.60064)
(3.37081, 7.12467, -2.56641)
(3.40912, 7.54602, -2.64302)
(3.21759, 6.93315, -3.17929)
(3.79216, 7.89076, -3.02607)
(3.79216, 11.6829, -4.32843)
(2.94946, 7.04806, -1.99184)
(4.86469, 9.65278, -2.68133)
(3.17929, 7.69924, -1.95354)
(2.91116, 6.97145, -1.68541)
(3.48573, 6.81823, -2.18337)
(3.33251, 10.1124, -2.52811)
(5.13283, 8.65686, -1.83862)
(5.05622, 8.27381, -0.995922)
(4.78809, 8.1589, -1.6088)
(3.67725, 8.00568, -2.06845)
(3.67725, 7.54602, -6.97145)
(3.52403, 8.31211, -2.37489)
(4.903, 7.43111, -2.22167)
(4.67317, 7.96737, -3.02607)
(3.21759, 7.62263, -3.52403)
(3.17929, 7.89076, -2.29828)
(4.13691, 8.35042, -2.37489)
(4.13691, 7.89076, -1.91523)
(3.60064, 7.46941, -1.72371)
(4.21351, 7.89076, -1.99184)
(4.29012, 7.92907, -2.29828)
(4.21351, 7.96737, -2.75794)
(5.7074, 12.1043, -2.98777)
(1.34066, 5.89892, -2.29828)
(1.14914, 9.34634, -2.4898)
(2.79624, 7.54602, -2.25998)
(3.67725, 8.08229, -2.41319)
(3.60064, 7.58433, -2.64302)
(3.63894, 7.77585, -3.21759)
(2.25998, 8.50364, -4.25182)
(3.94538, 10.8402, -4.13691)
(3.94538, 6.24366, -2.10676)
(4.55826, 10.189, -2.79624)
(3.71555, 7.00976, -1.30236)
(3.14098, 7.31619, -1.45558)
(3.17929, 6.5118, -2.64302)
(4.29012, 10.8019, -3.67725)
(3.90708, 8.1972, -4.32843)
(4.0603, 8.08229, -2.37489)
(3.52403, 7.73755, -2.41319)
(3.48573, 7.27789, -2.98777)
(3.2559, 7.31619, -3.60064)
(3.10268, 7.73755, -3.44742)
(4.55826, 9.57617, -3.21759)
(4.59656, 7.43111, -2.83455)
(4.29012, 8.92499, -2.18337)
(5.51587, 9.15482, -1.95354)
(3.71555, 7.92907, -0.881008)
(3.44742, 6.62671, -1.34066)
(3.52403, 7.16298, -2.25998)
(4.48165, 7.89076, -4.0603)
(6.24366, 9.76769, -3.33251)
(3.75386, 6.81823, -2.29828)
(4.9413, 8.73347, -3.02607)
(3.75386, 7.27789, -2.41319)
(3.79216, 7.58433, -2.56641)
(3.02607, 7.16298, -3.86877)
(4.25182, 9.03991, -3.63894)
(4.32843, 8.69516, -3.40912)
(1.6471, 7.77585, -1.68541)
(1.6471, 9.42295, -2.52811)
(3.60064, 7.3545, -1.53219)
(3.44742, 7.31619, -1.03423)
(3.2942, 7.3928, -1.99184)
(4.29012, 8.1972, -2.60472)
(5.93723, 7.66094, -4.59656)
(4.48165, 8.84838, -3.2942)
(4.55826, 8.04398, -2.87285)
(3.44742, 7.20128, -1.6471)
(1.95354, 7.77585, -2.94946)
(4.0603, 8.42703, -2.18337)
(5.09452, 9.76769, -3.48573)
(3.83047, 6.58841, -2.94946)
(3.98369, 8.35042, -4.0603)
(4.78809, 9.99752, -2.03015)
(3.83047, 8.61855, -0.727789)
(3.63894, 6.5118, -1.22575)
(6.16705, 6.28197, -2.29828)
(6.77993, 6.58841, -3.06437)
(7.23959, 10.0741, -3.52403)
(4.0986, 5.7074, -2.79624)
(4.17521, 9.07821, -2.06845)
(3.44742, 7.27789, -1.72371)
(3.56234, 7.20128, -2.25998)
(3.37081, 7.89076, -2.41319)
(4.78809, 8.61855, -1.68541)
(5.47757, 8.96329, -2.4898)
(6.24366, 10.0741, -4.17521)
(4.44334, 6.5501, -3.56234)
(3.94538, 8.77177, -2.98777)
(3.86877, 12.6788, -2.33659)
(5.32435, 9.49956, -1.03423)
(5.40096, 4.82639, -0.919312)
(5.09452, 2.71963, -2.25998)
(5.24774, 3.40912, -3.06437)
(8.1589, 7.96737, -2.75794)
(6.35858, 6.43519, -4.02199)
(6.32027, 8.12059, -3.33251)
(6.09044, 8.27381, -2.41319)
(5.09452, 7.20128, -2.94946)
(4.36673, 7.3545, -2.06845)
(4.9413, 7.23959, -2.71963)
(5.17113, 8.00568, -4.02199)
(5.01791, 10.5338, -3.60064)
(3.79216, 6.77993, -3.79216)
(4.36673, 9.92091, -1.91523)
(4.21351, 8.00568, -1.18745)
(3.60064, 7.58433, -0.995922)
(3.40912, 6.58841, -1.18745)
(4.29012, 7.54602, -3.06437)
(6.16705, 9.92091, -3.33251)
(5.24774, 6.05214, -3.02607)
(6.47349, 8.88668, -2.87285)
(4.67317, 7.16298, -1.72371)
(0.153219, 8.77177, -4.13691)
(3.2559, 8.08229, -3.06437)
(4.74978, 7.58433, -2.14506)
(5.78401, 9.42295, -3.17929)
(2.41319, 8.69516, -2.56641)
(4.25182, 7.81416, -4.21351)
(4.903, 9.53786, -1.6088)
(4.17521, 8.54194, -2.03015)
(3.48573, 7.58433, -1.41727)
(3.98369, 7.81416, -1.95354)
(3.94538, 7.85246, -1.83862)
(3.90708, 8.54194, -2.18337)
(5.43926, 9.23143, -1.87693)
(5.24774, 7.27789, -1.68541)
(5.09452, 7.73755, -2.64302)
(2.87285, 8.35042, -3.83047)
(2.98777, 8.04398, -4.59656)
(2.87285, 7.69924, -3.75386)
(3.48573, 7.58433, -3.10268)
(3.86877, 7.46941, -3.63894)
(4.0603, 7.89076, -4.0603)
(3.86877, 8.58025, -2.4515)
(3.98369, 7.50772, -2.75794)
(4.36673, 8.88668, -2.10676)
(4.44334, 7.69924, -1.57049)
(4.29012, 7.81416, -1.80032)
(5.20944, 7.46941, -1.53219)
(5.78401, 7.73755, -1.83862)
(5.28605, 8.27381, -1.68541)
(4.59656, 7.81416, -2.06845)
(4.82639, 8.1972, -4.51995)
(1.87693, 8.84838, -3.63894)
(1.91523, 8.1972, -2.52811)
(2.71963, 8.58025, -2.29828)
(3.63894, 7.62263, -2.25998)
(4.25182, 7.73755, -2.33659)
(4.0603, 8.42703, -2.68133)
(1.22575, 9.806, -2.83455)
(3.56234, 8.00568, -2.14506)
(4.0986, 7.69924, -1.76202)
(3.98369, 9.03991, -1.6088)
(4.40504, 7.58433, -1.6471)
(4.0603, 7.73755, -1.6088)
(3.75386, 7.69924, -1.91523)
(3.94538, 7.96737, -2.03015)
(4.78809, 10.8785, -4.17521)
(4.86469, 6.5118, -2.94946)
(5.17113, 9.34634, -3.14098)
(3.17929, 7.23959, -1.26405)
(3.10268, 7.3928, -1.87693)
(3.86877, 7.50772, -2.52811)
(4.55826, 8.77177, -2.83455)
(5.20944, 8.46534, -2.87285)
(4.36673, 7.23959, -3.17929)
(4.903, 9.15482, -2.79624)
(3.56234, 7.3928, -1.6471)
(4.02199, 7.89076, -1.57049)
(4.32843, 8.00568, -1.26405)
(4.32843, 9.61448, -1.34066)
(3.83047, 7.12467, -3.75386)
(3.83047, 8.88668, -3.02607)
(3.94538, 6.66501, -4.78809)
(3.83047, 7.46941, -2.98777)
(4.59656, 7.62263, -2.71963)
(4.74978, 8.08229, -2.64302)
(5.24774, 10.3806, -3.40912)
(5.17113, 7.3928, -2.91116)
(3.37081, 8.08229, -2.71963)
(3.98369, 7.62263, -1.07253)
(3.83047, 7.58433, -1.18745)
(3.90708, 7.46941, -1.26405)
(4.17521, 7.92907, -1.72371)
(4.0986, 11.0701, -3.2559)
(3.71555, 6.89484, -3.67725)
(4.17521, 8.23551, -3.75386)
(3.37081, 7.20128, -2.33659)
(2.29828, 7.54602, -2.41319)
(3.94538, 7.81416, -2.4515)
(4.74978, 9.26973, -2.79624)
(5.05622, 8.00568, -3.33251)
(4.97961, 8.31211, -2.41319)
(4.32843, 8.1972, -1.87693)
(4.21351, 7.23959, -0.766094)
(4.48165, 7.62263, -0.65118)
(4.59656, 8.58025, -1.11084)
(5.09452, 9.65278, -2.68133)
(3.83047, 7.43111, -2.60472)
(3.63894, 7.43111, -2.22167)
(4.59656, 8.08229, -2.29828)
(5.97553, 7.27789, -1.99184)
(5.82231, 7.3545, -2.41319)
(5.86062, 6.89484, -2.79624)
(5.66909, 6.5118, -2.4898)
(5.7457, 6.77993, -2.64302)
(6.35858, 9.69109, -1.6088)
(5.28605, 8.31211, -1.68541)
(4.67317, 8.42703, -2.41319)
(4.67317, 5.7457, -2.56641)
(5.24774, 5.78401, -3.67725)
(5.7457, 5.82231, -4.17521)
(6.35858, 7.46941, -3.44742)
(6.85654, 6.09044, -1.22575)
(7.23959, 4.97961, -1.72371)
(7.04806, 4.63487, -1.03423)
(7.12467, 5.82231, -1.45558)
(7.81416, 5.20944, -1.14914)
(8.73347, 4.36673, -1.11084)
(9.57617, 3.83047, -0.459656)
(10.3423, 2.33659, -1.68541)
(9.11651, 0.65118, -3.52403)
(9.07821, 1.22575, -3.06437)
(8.12059, 0.995922, -2.10676)
(8.31211, -0.689484, -1.91523)
(8.88668, 0.153219, -2.87285)
(8.88668, 0.153219, -3.79216)
(8.46534, 0.0, -5.09452)
(8.61855, 0.57457, -5.20944)
(8.46534, 0.421352, -5.05622)
(8.38873, 0.497961, -4.903)
(8.35042, 0.306437, -4.903)
(8.38873, 0.344742, -4.86469)
(8.46534, 0.268133, -5.13283)
(8.31211, 0.306437, -4.74978)
(8.54194, 0.344742, -4.82639)
(8.31211, 0.306437, -4.78809)
(8.31211, 0.383047, -4.78809)
(8.27381, 0.306437, -4.78809)
(8.35042, 0.383047, -5.01791)
(8.58025, 0.344742, -4.74978)
(8.46534, 0.421352, -4.82639)
(8.50364, 0.344742, -4.903)
(8.65686, 0.383047, -4.71148)
(8.61855, 0.306437, -4.78809)
(8.54194, 0.268133, -4.67317)
(8.46534, 0.191523, -4.86469)
(8.54194, 0.268133, -4.86469)
(8.42703, 0.306437, -4.74978)
(8.38873, 0.306437, -5.05622)
(8.35042, 0.268133, -4.903)
(8.38873, 0.306437, -4.78809)
(8.54194, 0.268133, -4.82639)
(8.46534, 0.268133, -4.9413)
(8.46534, 0.268133, -5.01791)
(8.35042, 0.153219, -4.903)
(8.61855, 0.268133, -4.63487)
(8.46534, 0.191523, -4.97961)
(8.23551, 0.229828, -4.903)
(8.46534, 0.268133, -4.86469)
(8.46534, 0.229828, -5.05622)
(8.58025, 0.114914, -4.86469)
(8.38873, 0.229828, -4.82639)
(8.42703, 0.191523, -4.86469)
(8.46534, 0.229828, -4.903)
(8.46534, 0.268133, -4.903)
(8.65686, 0.306437, -4.9413)
(8.42703, 0.191523, -5.01791)
(8.42703, 0.229828, -4.97961)
(8.50364, 0.268133, -4.78809)
(8.50364, 0.191523, -4.82639)
(8.54194, 0.191523, -4.97961)
(8.50364, 0.191523, -4.63487)
(8.50364, 0.229828, -4.97961)
(8.46534, 0.229828, -5.05622)
(8.54194, 0.229828, -4.86469)
(8.46534, 0.153219, -4.74978)
(8.65686, 0.268133, -4.97961)
(8.46534, 0.153219, -5.01791)
(8.65686, 0.229828, -4.71148)
(8.42703, 0.0766094, -4.51995)
(8.50364, 0.344742, -4.67317)
(8.54194, 0.153219, -4.86469)
(8.42703, 0.268133, -4.86469)
(8.54194, 0.191523, -4.71148)
(8.38873, 0.191523, -4.82639)
(8.46534, 0.191523, -4.86469)
(8.46534, 0.191523, -4.82639)
(8.50364, 0.268133, -4.74978)
(8.46534, 0.268133, -4.97961)
(8.42703, 0.191523, -4.67317)
(8.50364, 0.191523, -4.9413)
(8.54194, 0.0766094, -4.86469)
(8.42703, 0.229828, -5.09452)
(8.54194, 0.114914, -5.13283)
(8.38873, 0.191523, -4.82639)
(8.46534, 0.229828, -4.82639)
(8.38873, 0.191523, -4.82639)
(8.42703, 0.153219, -4.903)
(8.42703, 0.229828, -4.86469)
(8.42703, 0.153219, -4.9413)
(8.50364, 0.153219, -4.78809)
(8.58025, 0.153219, -4.86469)
(8.42703, 0.268133, -4.903)
(8.46534, 0.114914, -4.82639)
(8.35042, 0.153219, -4.78809)
(8.42703, 0.153219, -4.51995)
(8.31211, 0.0766094, -4.71148)
(8.38873, 0.114914, -4.74978)
(8.23551, 0.191523, -4.903)
(8.38873, 0.191523, -4.74978)
(8.42703, 0.153219, -5.01791)
(8.35042, 0.0766094, -4.9413)
(8.35042, 0.114914, -4.82639)
(8.50364, 0.114914, -4.74978)
(8.58025, 0.0766094, -4.71148)
(8.46534, 0.191523, -4.71148)
(8.61855, 0.114914, -4.78809)
(8.73347, 0.191523, -4.86469)
(8.27381, 0.191523, -4.63487)
(8.31211, 0.114914, -4.86469)
(8.42703, 0.114914, -4.9413)
(8.31211, 0.306437, -5.01791)
(8.50364, 0.191523, -4.903)
(8.31211, 0.229828, -4.86469)
(8.46534, 0.344742, -4.9413)
(8.38873, 0.191523, -4.9413)
(8.42703, 0.191523, -4.903)
(8.46534, 0.153219, -4.9413)
(8.58025, 0.229828, -4.903)
(8.69516, 0.153219, -4.74978)
(8.38873, 0.153219, -4.903)
(8.54194, 0.268133, -4.78809)
(8.42703, 0.191523, -4.55826)
(8.50364, 0.153219, -4.86469)
(8.42703, 0.153219, -4.82639)
(8.54194, 0.114914, -4.82639)
(8.50364, 0.306437, -4.67317)
(8.50364, 0.229828, -4.903)
(8.42703, 0.229828, -4.97961)
(8.50364, 0.229828, -4.71148)
(8.46534, 0.229828, -5.05622)
(8.42703, 0.153219, -5.24774)
(8.69516, 0.153219, -5.05622)
(8.42703, 0.153219, -4.9413)
(8.61855, 0.268133, -4.86469)
(8.58025, 0.191523, -4.51995)
(8.50364, 0.114914, -4.59656)
(8.50364, 0.153219, -4.63487)
(8.46534, 0.0766094, -4.55826)
(8.54194, 0.306437, -4.51995)
(8.42703, 0.0, -4.48165)
(8.42703, 0.229828, -4.48165)
(8.42703, 0.114914, -4.63487)
(8.58025, 0.0, -4.67317)
(8.61855, 0.114914, -4.59656)
(8.69516, 0.306437, -4.78809)
(8.65686, 0.114914, -4.44334)
(8.81008, 0.268133, -4.903)
(8.54194, 0.153219, -4.71148)
(8.81008, 0.191523, -4.44334)
(8.84838, 0.0, -4.40504)
(8.54194, 0.114914, -4.40504)
(8.42703, 0.153219, -4.40504)
(8.81008, 0.153219, -4.29012)
(8.58025, -0.0383047, -4.40504)
(8.73347, 0.191523, -4.63487)
(8.73347, 0.114914, -4.67317)
(8.88668, -0.0766094, -3.94538)
(8.65686, 0.344742, -4.36673)
(8.42703, 0.191523, -4.13691)
(8.84838, 0.114914, -4.63487)
(8.54194, 0.153219, -4.36673)
(8.84838, 0.383047, -4.13691)
(8.96329, 0.153219, -4.25182)
(9.03991, 0.191523, -4.59656)
(8.88668, 0.191523, -4.17521)
(8.84838, 0.114914, -4.17521)
(8.96329, 0.191523, -4.21351)
(8.84838, 0.153219, -4.0603)
(8.88668, 0.191523, -4.21351)
(8.92499, 0.153219, -4.21351)
(8.73347, 0.153219, -4.29012)
(8.77177, 0.153219, -3.98369)
(8.77177, 0.114914, -4.36673)
(8.46534, 0.191523, -4.40504)
(8.46534, 0.153219, -4.71148)
(8.42703, 0.229828, -4.63487)
(8.42703, 0.0766094, -4.82639)
(8.73347, 0.0, -4.63487)
(8.46534, 0.0383047, -4.67317)
(8.58025, 0.114914, -4.63487)
(8.61855, 0.0383047, -4.78809)
(8.61855, 0.0, -4.74978)
(8.54194, 0.0766094, -4.74978)
(8.58025, 0.114914, -4.74978)
(8.46534, 0.0383047, -4.71148)
(8.61855, -0.0766094, -4.63487)
(8.54194, -0.0766094, -4.9413)
(8.54194, -0.0383047, -5.09452)
(8.42703, -0.0383047, -4.78809)
(8.38873, 0.0383047, -5.01791)
(8.42703, 0.0, -4.903)
(8.58025, -0.0766094, -4.67317)
(8.35042, 0.0383047, -4.82639)
(8.46534, 0.0383047, -4.82639)
(8.35042, 0.153219, -4.71148)
(8.54194, 0.0, -4.74978)
(8.46534, 0.0, -4.55826)
(8.58025, 0.0766094, -4.86469)
(8.38873, 0.0, -4.82639)
(8.54194, 0.0766094, -4.78809)
(8.42703, 0.0, -4.63487)
(8.65686, 0.0, -4.86469)
(8.61855, 0.0, -4.903)
(8.42703, 0.0, -4.82639)
(8.54194, -0.0383047, -4.71148)
(8.50364, 0.0, -4.71148)
(8.38873, 0.0, -4.82639)
(8.35042, -0.0383047, -4.71148)
(8.46534, 0.0383047, -4.82639)
(8.38873, 0.0, -5.01791)
(8.46534, 0.114914, -4.86469)
(8.46534, -0.114914, -4.86469)
(8.58025, 0.0, -4.86469)
(8.69516, 0.0766094, -4.74978)
(8.54194, 0.0766094, -4.86469)
(8.61855, 0.0383047, -4.86469)
(8.54194, 0.0, -4.903)
(8.42703, 0.0383047, -4.903)
(8.38873, 0.0, -4.82639)
(8.54194, -0.0383047, -5.09452)
(8.42703, 0.0, -4.71148)
(8.61855, -0.0383047, -4.63487)
(8.65686, -0.0383047, -4.59656)
(8.50364, 0.0, -4.48165)
(8.77177, -0.191523, -4.29012)
(8.61855, 0.0383047, -4.51995)
(8.77177, -0.153219, -4.63487)
(8.54194, -0.0383047, -4.48165)
(8.61855, -0.114914, -4.55826)
(8.73347, -0.191523, -4.51995)
(8.77177, 0.0383047, -4.44334)
(8.81008, -0.114914, -4.48165)
(8.58025, 0.0383047, -4.55826)
(8.77177, -0.0383047, -4.48165)
(8.69516, -0.0766094, -4.48165)
(8.50364, -0.0766094, -4.59656)
(8.73347, -0.153219, -4.48165)
(8.61855, -0.0383047, -4.48165)
(8.69516, 0.0, -4.63487)
(8.88668, -0.153219, -4.32843)
(8.58025, -0.114914, -4.55826)
(8.58025, -0.0766094, -4.59656)
(8.69516, -0.0383047, -4.40504)
(8.61855, -0.0766094, -4.51995)
(8.69516, -0.153219, -4.40504)
(8.88668, -0.0383047, -4.44334)
(8.77177, -0.0766094, -4.25182)
(8.77177, -0.0383047, -4.17521)
(8.77177, -0.0766094, -4.32843)
(8.92499, -0.114914, -4.17521)
(8.73347, -0.0766094, -4.36673)
(8.73347, -0.0383047, -4.36673)
(8.84838, -0.0766094, -4.67317)
(8.65686, -0.0383047, -4.51995)
(8.77177, -0.114914, -4.48165)
(8.69516, 0.0383047, -4.21351)
(8.77177, -0.0383047, -4.51995)
(8.73347, -0.0766094, -4.51995)
(8.65686, -0.0383047, -4.25182)
(8.65686, -0.114914, -4.55826)
(8.65686, -0.0383047, -4.55826)
(8.65686, -0.0383047, -4.78809)
(8.65686, -0.114914, -4.67317)
(8.58025, -0.114914, -4.48165)
(8.65686, -0.114914, -4.63487)
(8.65686, -0.0766094, -4.48165)
(8.69516, -0.114914, -4.78809)
(8.54194, -0.0383047, -4.74978)
(8.54194, -0.0383047, -4.55826)
(8.58025, 0.0766094, -4.44334)
(8.50364, 0.0, -4.59656)
(8.69516, -0.0766094, -4.51995)
(8.61855, 0.0383047, -4.71148)
(8.69516, -0.0766094, -4.71148)
(8.73347, -0.0383047, -4.40504)
(8.77177, 0.0383047, -4.86469)
(8.54194, 0.0383047, -4.67317)
(8.61855, 0.0766094, -4.67317)
(8.65686, 0.153219, -4.51995)
(8.58025, 0.0, -4.63487)
(8.69516, 0.114914, -4.55826)
(8.81008, 0.0383047, -4.48165)
(8.65686, 0.0766094, -4.63487)
(8.69516, 0.0766094, -4.71148)
(8.46534, 0.0766094, -4.67317)
(8.65686, 0.0766094, -4.67317)
(8.69516, 0.191523, -4.63487)
(8.65686, 0.0766094, -4.29012)
(8.46534, 0.0766094, -4.59656)
(8.61855, 0.0, -4.51995)
(8.54194, 0.0, -4.63487)
(8.58025, 0.0766094, -4.55826)
(8.54194, 0.0383047, -4.59656)
(8.69516, 0.153219, -4.67317)
(8.42703, 0.114914, -4.71148)
(8.42703, 0.191523, -5.09452)
(8.27381, 0.268133, -5.05622)
(8.31211, 0.229828, -5.17113)
(8.38873, 0.306437, -4.82639)
(8.38873, 0.268133, -4.9413)
(8.27381, 0.383047, -5.32435)
(8.35042, 0.383047, -4.71148)
(8.46534, 0.421352, -4.97961)
(8.23551, 0.268133, -5.24774)
(8.31211, 0.344742, -4.903)
(8.35042, 0.306437, -4.78809)
(8.42703, 0.383047, -5.09452)
(8.31211, 0.268133, -5.05622)
(8.35042, 0.268133, -4.9413)
(8.42703, 0.344742, -5.09452)
(8.38873, 0.268133, -4.903)
(8.23551, 0.191523, -5.09452)
(8.27381, 0.191523, -5.20944)
(8.46534, 0.383047, -4.82639)
(8.27381, 0.268133, -4.86469)
(8.35042, 0.153219, -4.97961)
(8.50364, 0.191523, -4.74978)
(8.61855, 0.114914, -4.59656)
(8.61855, 0.114914, -4.74978)
(8.54194, 0.229828, -4.67317)
(8.65686, 0.268133, -5.09452)
(8.50364, 0.229828, -4.86469)
(8.46534, 0.229828, -5.13283)
(8.58025, 0.229828, -4.78809)
(8.35042, 0.153219, -4.9413)
(8.42703, 0.229828, -4.86469)
(8.42703, 0.229828, -4.903)
(8.46534, 0.153219, -4.97961)
(8.61855, 0.153219, -4.903)
(8.65686, 0.229828, -4.97961)
(8.42703, 0.344742, -5.13283)
(8.46534, 0.229828, -4.74978)
(8.42703, 0.191523, -4.86469)
(8.42703, 0.153219, -4.86469)
(8.46534, 0.229828, -4.97961)
(8.46534, 0.191523, -4.78809)
(8.50364, 0.114914, -5.09452)
(8.42703, 0.114914, -4.903)
(8.42703, 0.306437, -4.74978)
(8.50364, 0.153219, -4.78809)
(8.50364, 0.153219, -4.51995)
(8.50364, 0.191523, -4.74978)
(8.73347, 0.153219, -4.903)
(8.50364, 0.153219, -4.67317)
(8.54194, 0.268133, -4.78809)
(8.38873, 0.191523, -4.97961)
(8.46534, 0.229828, -4.903)
(8.46534, 0.153219, -4.78809)
(8.38873, 0.268133, -4.82639)
(8.42703, 0.306437, -4.903)
(8.42703, 0.229828, -5.01791)
(8.35042, 0.191523, -4.9413)
(8.46534, 0.191523, -4.9413)
(8.42703, 0.229828, -5.05622)
(8.46534, 0.0766094, -4.44334)
(8.58025, 0.191523, -4.67317)
(8.73347, 0.153219, -4.78809)
(8.54194, 0.191523, -4.55826)
(8.42703, 0.0766094, -4.67317)
(8.58025, 0.153219, -4.67317)
(8.65686, 0.114914, -4.67317)
(8.61855, 0.0766094, -4.67317)
(8.73347, 0.0766094, -4.32843)
(8.58025, 0.229828, -4.63487)
(8.50364, 0.229828, -4.78809)
(8.50364, 0.229828, -4.67317)
(8.54194, 0.153219, -4.9413)
(8.50364, 0.229828, -4.71148)
(8.35042, 0.268133, -4.71148)
(8.69516, 0.268133, -4.63487)
(8.58025, 0.191523, -4.67317)
(8.50364, 0.306437, -4.78809)
(8.61855, 0.229828, -4.71148)
(8.50364, 0.344742, -4.71148)
(8.50364, 0.153219, -4.74978)
(8.35042, 0.229828, -4.71148)
(8.38873, 0.191523, -5.05622)
(8.50364, 0.191523, -4.82639)
(8.31211, 0.268133, -5.13283)
(8.27381, 0.344742, -5.05622)
(8.35042, 0.229828, -5.01791)
(8.38873, 0.229828, -4.97961)
(8.38873, 0.191523, -5.09452)
(8.35042, 0.268133, -4.903)
(8.50364, 0.114914, -4.74978)
(8.42703, 0.114914, -4.903)
(8.38873, 0.153219, -4.86469)
(8.50364, 0.153219, -4.97961)
(8.38873, 0.114914, -4.9413)
(8.42703, 0.153219, -4.903)
(8.46534, 0.191523, -4.71148)
(8.42703, 0.191523, -4.903)
(8.31211, 0.153219, -4.86469)
(8.54194, 0.191523, -4.9413)
(8.27381, 0.153219, -4.82639)
(8.65686, 0.268133, -4.55826)
(8.31211, 0.191523, -4.78809)
(8.42703, 0.306437, -4.82639)
(8.35042, 0.191523, -4.903)
(8.31211, 0.0766094, -5.13283)
(8.46534, 0.153219, -4.82639)
(8.38873, 0.229828, -4.97961)
(8.23551, 0.268133, -5.20944)
(8.58025, 0.153219, -4.9413)
(8.31211, 0.191523, -4.86469)
(8.46534, 0.191523, -4.82639)
(8.46534, 0.344742, -4.78809)
(8.42703, 0.114914, -4.74978)
(8.38873, 0.191523, -5.24774)
(8.46534, 0.229828, -4.71148)
(8.50364, 0.191523, -4.86469)
(8.46534, 0.268133, -4.78809)
(8.54194, 0.268133, -4.78809)
(8.50364, 0.0766094, -4.78809)
(8.46534, 0.229828, -4.74978)
(8.46534, 0.153219, -4.78809)
(8.46534, 0.153219, -5.17113)
(8.58025, 0.191523, -4.71148)
(8.58025, 0.306437, -4.78809)
(8.46534, 0.191523, -4.82639)
(8.54194, 0.153219, -4.86469)
(8.46534, 0.191523, -4.97961)
(8.65686, 0.191523, -4.82639)
(8.58025, 0.191523, -4.74978)
(8.46534, 0.114914, -4.903)
(8.58025, 0.153219, -4.82639)
(8.61855, 0.229828, -4.63487)
(8.50364, 0.229828, -4.903)
(8.54194, 0.191523, -4.59656)
(8.50364, 0.306437, -4.67317)
(8.65686, 0.268133, -4.44334)
(8.50364, 0.306437, -4.32843)
(8.84838, 0.497961, -4.32843)
(8.50364, 0.421352, -4.55826)
(8.54194, 0.306437, -4.51995)
(8.50364, 0.344742, -4.71148)
(8.54194, 0.306437, -4.67317)
(8.58025, 0.268133, -4.78809)
(8.58025, 0.306437, -4.903)
(8.46534, 0.459656, -4.82639)
(8.27381, 0.229828, -4.82639)
(8.50364, 0.229828, -4.78809)
(8.42703, 0.344742, -4.903)
(8.38873, 0.344742, -4.82639)
(8.38873, 0.344742, -4.86469)
(8.1972, 0.344742, -5.05622)
(8.38873, 0.306437, -4.86469)
(8.50364, 0.268133, -4.86469)
(8.38873, 0.229828, -4.86469)
(8.46534, 0.344742, -4.97961)
(8.46534, 0.229828, -4.78809)
(8.50364, 0.306437, -4.74978)
(8.42703, 0.306437, -4.48165)
(8.61855, 0.306437, -4.903)
(8.58025, 0.229828, -4.67317)
(8.35042, 0.0766094, -4.59656)
(8.61855, 0.191523, -4.63487)
(8.65686, 0.114914, -4.55826)
(8.54194, 0.114914, -4.59656)
(8.38873, 0.0766094, -4.51995)
(8.69516, 0.0, -4.67317)
(8.58025, -0.114914, -4.36673)
(8.50364, -0.306437, -4.36673)
(8.73347, -0.191523, -4.59656)
(8.61855, -0.229828, -4.51995)
(8.27381, -0.459656, -4.55826)
(8.46534, -0.229828, -4.82639)
(8.77177, -0.114914, -4.74978)
(8.42703, -0.229828, -4.78809)
(8.38873, 0.0766094, -4.903)
(8.46534, 0.191523, -4.71148)
(8.54194, 0.153219, -4.59656)
(8.46534, 0.229828, -4.82639)
(8.58025, 0.268133, -4.903)
(8.38873, 0.421352, -4.97961)
(8.38873, 0.421352, -4.74978)
(8.54194, 0.268133, -5.01791)
(8.42703, 0.268133, -4.74978)
(8.54194, 0.383047, -5.01791)
(8.38873, 0.421352, -5.09452)
(8.27381, 0.459656, -4.97961)
(8.50364, 0.421352, -4.86469)
(8.50364, 0.459656, -4.903)
(8.42703, 0.268133, -4.9413)
(8.35042, 0.536266, -4.9413)
(8.42703, 0.57457, -4.86469)
(8.50364, 0.65118, -4.86469)
(8.42703, 0.421352, -4.86469)
(8.50364, 0.497961, -5.05622)
(8.50364, 0.57457, -4.82639)
(8.58025, 0.459656, -4.71148)
(8.50364, 0.612875, -4.9413)
(8.46534, 0.459656, -4.78809)
(8.42703, 0.459656, -4.78809)
(8.35042, 0.459656, -4.97961)
(8.46534, 0.536266, -4.74978)
(8.46534, 0.383047, -4.903)
(8.46534, 0.497961, -4.63487)
(8.38873, 0.421352, -4.74978)
(8.50364, 0.459656, -4.63487)
(8.54194, 0.383047, -4.67317)
(8.42703, 0.497961, -4.67317)
(8.46534, 0.421352, -4.71148)
(8.42703, 0.344742, -4.903)
(8.38873, 0.383047, -5.28605)
(8.50364, 0.421352, -4.82639)
(8.46534, 0.344742, -4.82639)
(8.42703, 0.306437, -4.903)
(8.38873, 0.459656, -5.05622)
(8.38873, 0.383047, -4.903)
(8.46534, 0.497961, -4.903)
(8.42703, 0.383047, -5.28605)
(8.50364, 0.459656, -4.71148)
(8.42703, 0.344742, -4.9413)
(8.50364, 0.459656, -4.63487)
(8.50364, 0.383047, -4.74978)
(8.61855, 0.344742, -4.82639)
(8.42703, 0.459656, -4.903)
(8.38873, 0.459656, -4.71148)
(8.38873, 0.383047, -4.97961)
(8.38873, 0.268133, -4.74978)
(8.54194, 0.383047, -4.9413)
(8.35042, 0.383047, -5.01791)
(8.42703, 0.497961, -4.82639)
(8.54194, 0.459656, -4.97961)
(8.46534, 0.497961, -4.9413)
(8.69516, 0.383047, -4.903)
(8.46534, 0.421352, -4.63487)
(8.46534, 0.497961, -4.97961)
(8.50364, 0.497961, -4.74978)
(8.42703, 0.383047, -4.78809)
(8.46534, 0.421352, -4.903)
(8.46534, 0.421352, -5.09452)
(8.50364, 0.497961, -4.86469)
(8.31211, 0.268133, -4.78809)
(8.38873, 0.421352, -4.71148)
(8.46534, 0.344742, -4.63487)
(8.54194, 0.421352, -4.903)
(8.46534, 0.421352, -4.82639)
(8.46534, 0.497961, -4.82639)
(8.69516, 0.421352, -4.903)
(8.58025, 0.383047, -5.05622)
(8.46534, 0.459656, -4.903)
(8.42703, 0.421352, -4.86469)
(8.58025, 0.344742, -4.67317)
(8.38873, 0.383047, -4.9413)
(8.46534, 0.421352, -4.9413)
(8.42703, 0.459656, -4.86469)
(8.38873, 0.344742, -4.9413)
(8.46534, 0.383047, -4.74978)
(8.54194, 0.536266, -4.78809)
(8.73347, 0.459656, -4.78809)
(8.46534, 0.344742, -4.71148)
(8.46534, 0.383047, -4.903)
(8.46534, 0.421352, -4.903)
(8.54194, 0.383047, -4.86469)
(8.73347, 0.421352, -4.78809)
(8.50364, 0.421352, -4.9413)
(8.54194, 0.497961, -4.55826)
(8.50364, 0.383047, -4.86469)
(8.46534, 0.344742, -4.74978)
(8.69516, 0.268133, -4.97961)
(8.58025, 0.344742, -4.86469)
(8.50364, 0.306437, -4.78809)
(8.46534, 0.268133, -4.67317)
(8.54194, 0.383047, -4.82639)
(8.54194, 0.268133, -4.97961)
(8.54194, 0.268133, -4.82639)
(8.50364, 0.306437, -4.71148)
(8.58025, 0.306437, -4.86469)
(8.42703, 0.383047, -4.903)
(8.61855, 0.383047, -4.82639)
(8.42703, 0.306437, -4.71148)
(8.50364, 0.268133, -4.67317)
(8.46534, 0.344742, -4.78809)
(8.38873, 0.344742, -4.86469)
(8.46534, 0.344742, -4.55826)
(8.46534, 0.306437, -4.67317)
(8.54194, 0.191523, -4.903)
(8.54194, 0.306437, -4.74978)
(8.65686, 0.344742, -4.59656)
(8.92499, 0.306437, -5.01791)
(8.73347, 0.229828, -3.90708)
(9.30804, 0.0766094, -3.60064)
(9.23143, -0.0383047, -3.60064)
(9.34634, -0.153219, -3.10268)
(9.57617, -0.421352, -2.75794)
(9.49956, -0.421352, -3.14098)
(9.07821, -0.383047, -2.56641)
(9.0016, -0.421352, -1.87693)
(9.806, -0.957617, -1.95354)
(9.88261, -1.07253, -2.4515)
(9.92091, -1.80032, -2.71963)
(9.88261, -2.79624, -3.37081)
(11.4531, -3.98369, -3.37081)
(11.6063, -4.86469, -2.52811)
(8.42703, -6.5118, -1.68541)
(8.31211, -6.81823, -0.65118)
(4.74978, -7.31619, -0.497961)
(3.56234, -7.54602, -1.22575)
(2.22167, -8.46534, -1.57049)
(2.25998, -8.27381, -1.6088)
(-0.0766094, -7.62263, -1.49388)
(-0.995922, -6.62671, -1.53219)
(-0.995922, -6.39688, -1.22575)
(-2.98777, -7.54602, -2.52811)
(-2.22167, -7.08637, -2.14506)
(-2.14506, -7.20128, -1.30236)
(2.18337, -7.66094, 1.41727)
(5.32435, -6.47349, 2.52811)
(8.65686, -5.36266, 1.07253)
(10.3423, -4.51995, 1.07253)
(10.304, -2.94946, 0.766094)
(13.4449, -0.57457, 0.919312)
(11.6829, -0.459656, 0.65118)
(9.76769, -0.191523, 2.22167)
(9.99752, -0.57457, 1.91523)
(9.95922, -0.191523, 2.64302)
(11.2999, -0.766094, 1.53219)
(11.1467, -1.68541, 2.06845)
(10.687, -2.79624, 1.83862)
(10.687, -4.13691, 1.53219)
(8.42703, -5.51587, 1.87693)
(6.28197, -6.89484, 1.41727)
(4.0603, -7.58433, 0.229828)
(1.80032, -7.92907, -0.191523)
(1.41727, -7.77585, -0.421352)
(0.421352, -8.23551, -0.57457)
(-0.191523, -7.58433, -2.29828)
(-1.87693, -6.89484, -2.91116)
(-2.03015, -7.08637, -2.4898)
(-0.957617, -7.23959, -2.06845)
(0.766094, -7.89076, -0.57457)
(1.37897, -7.92907, -1.03423)
(2.75794, -7.69924, -0.114914)
(2.75794, -8.27381, 0.65118)
(6.39688, -6.89484, 2.91116)
(7.3928, -4.78809, 3.48573)
(10.6487, -3.52403, 3.86877)
(12.449, -2.79624, 4.0603)
(12.2575, -0.497961, 4.0986)
(9.92091, -0.229828, 3.33251)
(9.46126, -0.153219, 3.52403)
(11.9894, 0.114914, 4.0603)
(10.3423, -1.49388, 3.86877)
(10.3806, -3.86877, 3.33251)
(10.304, -4.44334, 3.37081)
(8.31211, -4.29012, 2.68133)
(5.86062, -5.66909, 1.91523)
(5.82231, -7.43111, 1.03423)
(3.10268, -7.96737, 0.153219)
(0.881008, -8.35042, -0.766094)
(0.114914, -7.54602, -0.957617)
(-1.34066, -7.04806, -0.842703)
(-1.95354, -7.54602, -0.995922)
(-1.30236, -7.54602, -1.18745)
(0.344742, -6.47349, -0.881008)
(1.72371, -6.35858, -0.881008)
(3.67725, -7.20128, -1.95354)
(4.51995, -8.08229, 0.306437)
(8.54194, -5.97553, 1.34066)
(10.687, -3.94538, 1.6471)
(11.4531, -4.02199, 2.18337)
(10.687, -2.83455, 1.45558)
(10.9168, -1.07253, 2.10676)
(9.49956, -0.268133, 2.94946)
(9.61448, -0.0383047, 3.56234)
(10.1507, -0.153219, 4.13691)
(10.2273, -0.57457, 3.10268)
(11.4531, -1.22575, 3.56234)
(11.2616, -1.91523, 3.90708)
(10.7636, -2.83455, 3.02607)
(9.806, -4.0603, 2.18337)
(7.85246, -5.17113, 1.03423)
(5.59248, -6.5118, -0.229828)
(3.67725, -7.3928, -0.766094)
(3.60064, -7.66094, -1.07253)
(1.14914, -6.66501, -0.383047)
(-1.49388, -6.5501, -0.459656)
(-1.49388, -7.58433, -0.65118)
(-0.727789, -8.50364, -0.804398)
(1.6088, -7.12467, -0.995922)
(1.6471, -6.20536, -0.229828)
(4.0603, -7.46941, 0.421352)
(3.94538, -7.27789, 2.22167)
(7.62263, -5.78401, 0.727789)
(11.8361, -3.98369, 0.57457)
(12.066, -2.25998, 1.18745)
(11.8745, -0.957617, 1.07253)
(10.6104, 0.191523, 1.68541)
(10.1124, 0.114914, 1.53219)
(10.3806, 0.0, 2.4515)
(10.3423, 0.268133, 2.33659)
(10.7253, -0.268133, 1.49388)
(10.8785, -1.22575, 1.76202)
(11.8361, -2.29828, 1.41727)
(10.2273, -3.06437, 1.03423)
(9.07821, -4.48165, 0.191523)
(8.96329, -5.51587, 0.153219)
(4.97961, -6.89484, -1.26405)
(3.94538, -7.54602, -2.29828)
(2.71963, -7.12467, -1.72371)
(1.91523, -7.46941, -2.4898)
(2.06845, -7.77585, -2.41319)
(-0.344742, -7.73755, -1.99184)
(-0.766094, -7.96737, -1.6471)
(-0.229828, -7.81416, -1.95354)
(-0.229828, -7.89076, -1.80032)
(1.14914, -8.23551, -2.10676)
(1.76202, -7.54602, -2.03015)
(1.87693, -6.28197, -1.11084)
(3.71555, -7.46941, -0.995922)
(3.63894, -7.04806, -0.344742)
(9.53786, -5.17113, 0.268133)
(15.5517, -2.06845, 0.804398)
(11.9894, 0.344742, 1.37897)
(9.65278, 0.306437, 0.57457)
(10.1507, 0.191523, 3.52403)
(10.2657, -0.268133, 4.17521)
(13.33, -1.68541, 3.63894)
(10.3806, -2.29828, 5.59248)
(10.4189, -3.40912, 5.51587)
(3.94538, -5.20944, 6.43519)
(2.71963, -6.62671, 4.48165)
(1.68541, -7.73755, 2.98777)
(1.76202, -7.62263, 0.995922)
(1.11084, -7.50772, -0.57457)
(-0.383047, -7.66094, -1.72371)
(-2.06845, -7.04806, -1.6471)
(-2.4898, -7.73755, -2.41319)
(-2.56641, -7.31619, -2.33659)
(-0.881008, -7.12467, -1.99184)
(-0.0383047, -7.50772, -0.306437)
(2.10676, -7.54602, 0.191523)
(5.17113, -6.24366, 1.49388)
(5.28605, -6.47349, 2.56641)
(9.99752, -5.78401, 3.02607)
(10.0741, -4.71148, 2.60472)
(10.4955, -2.4898, 2.91116)
(10.9934, -0.229828, 2.91116)
(11.0317, 0.536266, 2.94946)
(10.687, -0.689484, 2.52811)
(11.4148, 0.268133, 2.64302)
(13.5216, -0.65118, 1.57049)
(13.5982, -1.95354, 1.83862)
(10.1124, -3.67725, 1.53219)
(7.66094, -4.78809, 0.766094)
(7.58433, -6.28197, -0.191523)
(2.52811, -7.31619, -0.459656)
(2.10676, -6.74162, -0.689484)
(2.06845, -7.08637, -1.49388)
(-1.53219, -6.32027, -0.957617)
(-1.57049, -7.31619, -1.49388)
(-0.114914, -7.00976, -1.80032)
(0.497961, -6.39688, -1.91523)
(0.881008, -7.58433, -0.536266)
(3.10268, -8.58025, 0.229828)
(7.96737, -6.97145, 0.957617)
(9.42295, -5.32435, 0.881008)
(10.0358, -4.0603, 1.11084)
(10.4189, -2.25998, 2.4898)
(10.687, -1.26405, 2.22167)
(10.8402, 0.306437, 2.60472)
(10.8785, 0.689484, 3.2942)
(10.2657, 0.842703, 3.17929)
(12.7555, 0.191523, 1.6471)
(12.5639, -0.727789, 1.95354)
(10.8785, -1.41727, 1.87693)
(9.23143, -3.21759, 1.41727)
(7.89076, -4.59656, 1.18745)
(7.73755, -6.43519, 0.0383047)
(5.09452, -7.62263, -1.03423)
(3.33251, -7.66094, -1.6088)
(1.49388, -6.62671, -2.25998)
(1.53219, -6.47349, -1.6471)
(-2.56641, -6.5501, -2.37489)
(-0.766094, -6.97145, -1.91523)
(0.153219, -6.97145, -1.22575)
(1.49388, -7.08637, -0.804398)
(3.2942, -6.35858, -0.268133)
(7.20128, -5.89892, 1.45558)
(10.0741, -5.20944, 2.75794)
(12.3341, -3.37081, 3.33251)
(11.4148, -2.10676, 2.94946)
(11.4148, 0.114914, 2.87285)
(12.3341, -1.11084, 2.22167)
(9.53786, 0.536266, 3.21759)
(10.9168, -0.344742, 2.91116)
(11.8745, -0.995922, 2.94946)
(12.066, -1.80032, 2.64302)
(9.57617, -3.56234, 2.18337)
(7.92907, -4.63487, 1.53219)
(6.93315, -5.63079, 0.689484)
(5.78401, -6.97145, 0.689484)
(2.4898, -7.85246, -0.153219)
(1.68541, -7.73755, -2.29828)
(0.0766094, -7.3928, -2.18337)
(-0.268133, -7.27789, -1.6088)
(-0.57457, -7.00976, -1.41727)
(-0.65118, -7.81416, -1.30236)
(0.191523, -7.66094, -1.03423)
(1.53219, -7.12467, 0.153219)
(1.6088, -7.3928, 0.689484)
(5.66909, -6.5118, 0.766094)
(8.58025, -5.7074, 0.727789)
(10.1507, -3.90708, 4.71148)
(10.8785, -1.95354, 5.63079)
(9.76769, -0.995922, 4.36673)
(9.53786, 0.459656, 3.06437)
(9.34634, -2.06845, 6.28197)
(8.96329, 0.229828, 6.35858)
(9.30804, 0.421352, 5.55418)
(10.1124, -0.995922, 6.12875)
(10.1124, -1.53219, 5.97553)
(8.96329, -2.22167, 5.51587)
(7.12467, -3.37081, 6.62671)
(6.24366, -5.32435, 5.32435)
(5.28605, -6.16705, 3.75386)
(5.40096, -6.58841, 0.995922)
(4.86469, -7.43111, -0.153219)
(3.06437, -7.50772, 0.383047)
(2.52811, -7.66094, -1.37897)
(3.14098, -8.38873, -1.99184)
(2.52811, -8.42703, -1.53219)
(1.53219, -7.69924, -1.45558)
(1.30236, -6.85654, -1.11084)
(1.18745, -7.31619, -1.18745)
(2.14506, -7.92907, -0.306437)
(2.18337, -8.31211, 0.804398)
(5.01791, -7.12467, 1.68541)
(7.20128, -7.04806, 2.64302)
(7.20128, -6.05214, 3.86877)
(7.66094, -4.82639, 3.83047)
(7.66094, -3.17929, 4.97961)
(9.34634, -3.21759, 4.25182)
(9.72939, -1.76202, 3.86877)
(9.65278, -0.957617, 4.74978)
(9.34634, -0.191523, 5.01791)
(10.0358, 0.306437, 5.66909)
(10.4955, 0.383047, 5.28605)
(7.92907, 0.804398, 5.63079)
(8.42703, 0.191523, 4.59656)
(8.35042, 0.0, 3.79216)
(9.0016, 0.114914, 3.94538)
(8.38873, 0.0, 4.97961)
(8.1972, 0.0, 5.13283)
(7.92907, -0.421352, 5.63079)
(8.00568, -0.536266, 5.7457)
(7.85246, -0.57457, 6.28197)
(7.62263, -0.306437, 5.97553)
(8.08229, -0.306437, 5.97553)
(7.77585, -0.689484, 5.97553)
(7.73755, -0.229828, 5.7074)
(7.92907, 0.0383047, 5.66909)
(7.81416, -0.229828, 5.82231)
(7.89076, -0.344742, 5.97553)
(7.73755, -0.383047, 5.66909)
(7.89076, -0.229828, 5.7457)
(7.81416, -0.383047, 5.82231)
(7.77585, -0.383047, 5.7457)
(7.77585, -0.383047, 5.82231)
(7.69924, -0.497961, 6.01384)
(7.77585, -0.459656, 6.01384)
(7.81416, -0.497961, 5.89892)
(7.3928, -0.383047, 6.05214)
(7.3928, -0.57457, 6.20536)
(7.69924, -0.344742, 6.01384)
(7.46941, -0.383047, 5.86062)
(7.81416, -0.421352, 6.16705)
(7.66094, -0.306437, 6.09044)
(7.69924, -0.57457, 5.89892)
(7.77585, -0.497961, 6.20536)
(7.81416, -0.421352, 6.16705)
(7.54602, -0.421352, 5.97553)
(7.77585, -0.459656, 6.32027)
(7.62263, -0.459656, 5.97553)
(7.69924, -0.612875, 5.82231)
(7.58433, -0.689484, 6.16705)
(7.54602, -0.536266, 6.12875)
(7.66094, -0.612875, 5.97553)
(7.54602, -0.612875, 5.97553)
(7.62263, -0.459656, 6.16705)
(7.69924, -0.383047, 6.12875)
(7.77585, -0.65118, 5.89892)
(7.50772, -0.612875, 6.28197)
(7.46941, -0.612875, 6.20536)
(7.46941, -0.421352, 6.12875)
(7.62263, -0.536266, 6.24366)
(7.46941, -0.421352, 6.32027)
(7.62263, -0.612875, 6.20536)
(7.50772, -0.536266, 6.16705)
(7.62263, -0.497961, 6.35858)
(7.50772, -0.497961, 6.05214)
(7.58433, -0.497961, 5.93723)
(7.62263, -0.57457, 6.28197)
(7.58433, -0.612875, 6.20536)
(7.50772, -0.536266, 6.20536)
(7.62263, -0.65118, 6.20536)
(7.50772, -0.689484, 6.12875)
(7.62263, -0.612875, 6.43519)
(7.54602, -0.57457, 6.35858)
(7.43111, -0.497961, 6.09044)
(7.50772, -0.727789, 6.01384)
(7.50772, -0.459656, 6.05214)
(7.58433, -0.612875, 6.12875)
(7.54602, -0.65118, 6.09044)
(7.50772, -0.497961, 6.01384)
(7.58433, -0.421352, 6.16705)
(7.62263, -0.459656, 6.05214)
(7.58433, -0.57457, 6.24366)
(7.66094, -0.497961, 6.16705)
(7.50772, -0.612875, 6.12875)
(7.54602, -0.536266, 6.32027)
(7.58433, -0.57457, 6.24366)
(7.54602, -0.65118, 6.20536)
(7.62263, -0.536266, 6.43519)
(7.43111, -0.612875, 6.16705)
(7.46941, -0.65118, 6.20536)
(7.20128, -0.57457, 6.28197)
(7.46941, -0.536266, 6.09044)
(7.66094, -0.536266, 6.28197)
(7.66094, -0.65118, 6.12875)
(7.54602, -0.612875, 6.35858)
(7.54602, -0.689484, 6.58841)
(7.50772, -0.497961, 6.24366)
(7.54602, -0.612875, 6.05214)
(7.58433, -0.497961, 6.20536)
(7.62263, -0.459656, 6.24366)
(7.43111, -0.612875, 6.09044)
(7.54602, -0.536266, 6.12875)
(7.43111, -0.57457, 6.16705)
(7.3928, -0.612875, 6.16705)
(7.3545, -0.57457, 5.89892)
(7.43111, -0.612875, 6.28197)
(7.46941, -0.612875, 6.12875)
(7.50772, -0.459656, 6.20536)
(7.54602, -0.536266, 6.20536)
(7.58433, -0.689484, 6.01384)
(7.50772, -0.536266, 6.32027)
(7.43111, -0.536266, 6.32027)
(7.50772, -0.383047, 6.16705)
(7.58433, -0.497961, 6.20536)
(7.46941, -0.57457, 5.93723)
(7.50772, -0.57457, 6.16705)
(7.3928, -0.57457, 6.09044)
(7.46941, -0.459656, 6.20536)
(7.43111, -0.536266, 6.28197)
(7.69924, -0.536266, 5.89892)
(7.54602, -0.57457, 6.16705)
(7.62263, -0.536266, 6.16705)
(7.50772, -0.689484, 6.43519)
(7.50772, -0.612875, 6.28197)
(7.50772, -0.536266, 6.20536)
(7.3545, -0.57457, 6.32027)
(7.50772, -0.497961, 6.09044)
(7.62263, -0.57457, 6.09044)
(7.50772, -0.536266, 6.20536)
(7.62263, -0.612875, 5.97553)
(7.62263, -0.497961, 6.01384)
(7.73755, -0.497961, 6.12875)
(7.73755, -0.459656, 6.09044)
(7.66094, -0.383047, 6.12875)
(7.62263, -0.536266, 6.16705)
(7.66094, -0.459656, 5.86062)
(7.54602, -0.459656, 6.20536)
(7.50772, -0.459656, 6.16705)
(7.66094, -0.497961, 6.28197)
(7.58433, -0.612875, 6.35858)
(7.54602, -0.421352, 5.86062)
(7.54602, -0.57457, 5.97553)
(7.66094, -0.459656, 6.16705)
(7.46941, -0.536266, 6.20536)
(7.58433, -0.459656, 6.28197)
(7.54602, -0.459656, 5.97553)
(7.50772, -0.612875, 6.16705)
(7.66094, -0.766094, 6.12875)
(7.58433, -0.612875, 6.47349)
(7.46941, -0.612875, 6.16705)
(7.27789, -0.536266, 6.32027)
(7.16298, -0.612875, 6.16705)
(7.62263, -0.459656, 6.39688)
(7.50772, -0.421352, 6.16705)
(7.46941, -0.766094, 6.12875)
(7.46941, -0.57457, 6.39688)
(7.54602, -0.536266, 6.24366)
(7.50772, -0.536266, 6.20536)
(7.3928, -0.57457, 6.16705)
(7.50772, -0.689484, 6.28197)
(7.50772, -0.65118, 6.20536)
(7.43111, -0.612875, 6.20536)
(7.43111, -0.497961, 6.39688)
(7.3545, -0.612875, 6.32027)
(7.43111, -0.612875, 6.09044)
(7.58433, -0.727789, 6.09044)
(7.43111, -0.689484, 6.35858)
(7.43111, -0.65118, 6.24366)
(7.43111, -0.612875, 6.05214)
(7.62263, -0.57457, 6.16705)
(7.50772, -0.65118, 6.24366)
(7.50772, -0.65118, 6.32027)
(7.50772, -0.536266, 6.12875)
(7.3928, -0.65118, 6.16705)
(7.43111, -0.57457, 6.28197)
(7.50772, -0.536266, 6.16705)
(7.46941, -0.57457, 6.24366)
(7.66094, -0.612875, 6.35858)
(7.50772, -0.612875, 6.28197)
(7.46941, -0.536266, 6.05214)
(7.46941, -0.65118, 6.39688)
(7.31619, -0.727789, 6.28197)
(7.46941, -0.766094, 6.28197)
(7.66094, -0.727789, 6.43519)
(7.66094, -0.766094, 6.28197)
(7.31619, -0.57457, 6.28197)
(7.54602, -0.497961, 6.12875)
(7.62263, -0.57457, 6.12875)
(7.3545, -0.497961, 6.32027)
(7.3928, -0.459656, 6.01384)
(7.58433, -0.612875, 5.86062)
(7.50772, -0.57457, 6.24366)
(7.58433, -0.497961, 6.28197)
(7.46941, -0.536266, 6.20536)
(7.46941, -0.65118, 6.32027)
(7.58433, -0.612875, 6.16705)
(7.54602, -0.536266, 5.86062)
(7.54602, -0.65118, 6.28197)
(7.66094, -0.65118, 6.39688)
(7.46941, -0.766094, 6.35858)
(7.54602, -0.536266, 6.24366)
(7.23959, -0.766094, 6.39688)
(7.3545, -0.727789, 6.35858)
(7.43111, -0.612875, 6.43519)
(7.43111, -0.57457, 6.20536)
(7.31619, -0.65118, 6.5118)
(7.3545, -0.766094, 6.43519)
(7.43111, -0.612875, 6.35858)
(7.3928, -0.65118, 6.35858)
(7.46941, -0.689484, 6.12875)
(7.31619, -0.689484, 6.35858)
(7.3545, -0.612875, 6.28197)
(7.3928, -0.727789, 6.09044)
(7.43111, -0.766094, 6.32027)
(7.3545, -0.842703, 6.20536)
(7.43111, -0.689484, 6.43519)
(7.3928, -0.612875, 6.43519)
(7.3928, -0.727789, 6.28197)
(7.31619, -0.57457, 6.66501)
(7.43111, -0.727789, 6.39688)
(7.3545, -0.612875, 6.32027)
(7.3545, -0.727789, 6.74162)
(7.31619, -0.383047, 6.47349)
(7.31619, -0.306437, 6.39688)
(7.3545, -0.306437, 6.47349)
(7.27789, -0.306437, 6.28197)
(7.89076, -0.191523, 6.47349)
(7.85246, -0.114914, 6.28197)
(7.00976, -0.497961, 6.20536)
(7.23959, -0.459656, 6.62671)
(7.16298, -0.421352, 6.47349)
(7.43111, -0.306437, 6.5118)
(7.54602, -1.14914, 6.5501)
(7.46941, -0.727789, 6.35858)
(7.3928, -1.11084, 6.01384)
(7.43111, -0.727789, 6.24366)
(7.43111, -0.957617, 5.86062)
(7.43111, -1.03423, 6.24366)
(7.3928, -1.03423, 6.20536)
(7.20128, -1.03423, 6.24366)
(7.50772, -0.995922, 6.05214)
(7.3545, -1.14914, 6.12875)
(7.23959, -1.07253, 6.09044)
(7.3928, -0.842703, 6.62671)
(7.3928, -1.11084, 6.5118)
(7.27789, -0.995922, 6.74162)
(7.08637, -0.881008, 6.62671)
(7.43111, -0.842703, 6.39688)
(7.23959, -0.804398, 6.5118)
(7.23959, -0.727789, 6.77993)
(7.16298, -0.727789, 6.70332)
(7.04806, -0.727789, 6.66501)
(7.16298, -0.57457, 6.77993)
(7.12467, -0.804398, 6.5118)
(7.23959, -0.65118, 6.74162)
(7.04806, -0.766094, 6.85654)
(7.08637, -0.766094, 6.89484)
(7.12467, -0.766094, 6.81823)
(7.08637, -0.957617, 6.58841)
(7.08637, -0.881008, 6.77993)
(6.97145, -0.919312, 6.81823)
(7.04806, -0.842703, 6.85654)
(6.97145, -0.881008, 6.66501)
(7.08637, -0.804398, 6.66501)
(7.00976, -0.957617, 6.74162)
(7.04806, -0.766094, 6.89484)
(7.04806, -0.995922, 6.70332)
(6.97145, -0.804398, 6.58841)
(6.97145, -0.995922, 6.74162)
(7.04806, -0.919312, 6.81823)
(6.97145, -0.995922, 6.70332)
(7.12467, -0.842703, 6.85654)
(7.04806, -0.957617, 6.70332)
(7.04806, -0.995922, 6.81823)
(6.89484, -1.07253, 6.74162)
(6.97145, -0.957617, 6.93315)
(6.97145, -0.842703, 6.93315)
(6.89484, -0.919312, 6.81823)
(6.93315, -0.804398, 6.89484)
(6.89484, -0.919312, 6.85654)
(6.74162, -0.995922, 6.81823)
(7.00976, -0.995922, 6.85654)
(6.97145, -0.689484, 6.77993)
(6.89484, -0.957617, 6.77993)
(6.89484, -0.881008, 7.00976)
(6.77993, -0.881008, 6.70332)
(6.97145, -0.957617, 6.81823)
(6.81823, -0.919312, 6.77993)
(6.81823, -0.919312, 6.81823)
(6.89484, -0.881008, 6.93315)
(6.85654, -0.881008, 7.08637)
(6.85654, -0.919312, 6.97145)
(7.00976, -0.881008, 6.93315)
(6.93315, -0.881008, 6.85654)
(6.81823, -0.842703, 6.77993)
(6.89484, -0.804398, 6.66501)
(6.89484, -0.919312, 6.85654)
(6.89484, -0.919312, 6.89484)
(6.93315, -1.07253, 6.97145)
(6.81823, -0.995922, 7.00976)
(6.97145, -0.842703, 6.85654)
(6.85654, -1.03423, 6.97145)
(6.93315, -0.957617, 6.97145)
(6.81823, -0.804398, 6.93315)
(6.77993, -0.919312, 6.97145)
(7.08637, -1.03423, 6.85654)
(6.89484, -0.881008, 6.62671)
(6.89484, -0.919312, 6.89484)
(6.81823, -0.881008, 7.00976)
(6.81823, -0.957617, 6.74162)
(6.85654, -0.957617, 6.81823)
(6.81823, -0.957617, 6.74162)
(6.77993, -0.995922, 6.93315)
(6.81823, -0.766094, 7.00976)
(6.93315, -0.842703, 6.85654)
(6.93315, -0.842703, 6.89484)
(7.16298, -0.881008, 7.00976)
(6.77993, -0.766094, 6.81823)
(6.85654, -0.766094, 7.00976)
(6.66501, -0.957617, 6.97145)
(6.5501, -0.689484, 7.12467)
(6.62671, -0.804398, 7.08637)
(6.66501, -0.804398, 6.77993)
(6.81823, -0.881008, 7.04806)
(6.77993, -0.842703, 7.00976)
(6.89484, -0.766094, 6.97145)
(6.89484, -0.957617, 7.00976)
(7.00976, -0.65118, 6.85654)
(6.93315, -0.766094, 6.70332)
(6.85654, -0.842703, 6.93315)
(6.85654, -0.689484, 6.66501)
(6.97145, -0.881008, 6.89484)
(6.93315, -0.612875, 6.66501)
(6.85654, -0.727789, 7.08637)
(7.00976, -0.842703, 6.85654)
(6.93315, -0.536266, 6.77993)
(7.00976, -0.536266, 6.81823)
(6.85654, -0.612875, 6.77993)
(6.97145, -0.766094, 6.77993)
(6.81823, -0.766094, 6.93315)
(7.08637, -0.766094, 6.66501)
(7.20128, -0.689484, 7.00976)
(6.85654, -0.612875, 6.85654)
(6.93315, -0.689484, 6.74162)
(6.97145, -0.727789, 6.58841)
(7.00976, -0.612875, 6.85654)
(7.04806, -0.65118, 6.81823)
(6.93315, -0.612875, 6.81823)
(7.08637, -0.727789, 6.74162)
(7.00976, -0.497961, 6.77993)
(7.00976, -0.612875, 6.89484)
(7.04806, -0.766094, 6.66501)
(7.12467, -0.57457, 6.66501)
(6.97145, -0.612875, 6.97145)
(6.93315, -0.727789, 6.81823)
(7.20128, -0.536266, 6.85654)
(6.81823, -0.57457, 6.93315)
(7.08637, -0.689484, 6.77993)
(7.12467, -0.766094, 6.77993)
(7.00976, -0.536266, 6.74162)
(6.85654, -0.804398, 6.5118)
(6.97145, -0.689484, 6.85654)
(6.89484, -0.65118, 6.89484)
(7.00976, -0.65118, 6.93315)
(6.97145, -0.689484, 6.81823)
(6.97145, -0.766094, 6.70332)
(6.89484, -0.689484, 6.85654)
(6.97145, -0.65118, 6.70332)
(7.08637, -0.804398, 6.81823)
(7.00976, -0.612875, 6.93315)
(7.04806, -0.727789, 6.81823)
(6.93315, -0.804398, 6.81823)
(7.04806, -0.766094, 7.00976)
(7.16298, -0.689484, 7.20128)
(7.04806, -0.727789, 6.85654)
(6.97145, -0.65118, 6.74162)
(6.97145, -0.766094, 6.97145)
(7.08637, -0.689484, 6.77993)
(7.08637, -0.612875, 6.85654)
(6.77993, -0.804398, 6.81823)
(7.00976, -0.919312, 6.81823)
(7.00976, -0.766094, 6.74162)
(6.97145, -0.804398, 6.89484)
(6.97145, -0.766094, 6.62671)
(7.04806, -0.766094, 6.74162)
(6.93315, -0.766094, 6.43519)
(6.97145, -0.65118, 6.74162)
(6.89484, -0.842703, 6.70332)
(7.00976, -0.689484, 6.85654)
(7.00976, -0.842703, 6.77993)
(6.85654, -0.766094, 7.12467)
(6.89484, -0.65118, 7.00976)
(7.00976, -0.766094, 6.77993)
(6.97145, -0.881008, 6.70332)
(6.97145, -0.766094, 6.77993)
(7.08637, -0.766094, 6.74162)
(6.89484, -0.65118, 6.81823)
(7.12467, -0.727789, 6.85654)
(7.00976, -0.804398, 6.81823)
(7.16298, -0.65118, 6.93315)
(6.97145, -0.689484, 6.66501)
(6.93315, -0.766094, 7.00976)
(6.85654, -0.804398, 7.04806)
(6.81823, -0.689484, 6.62671)
(6.70332, -0.727789, 6.85654)
(6.93315, -0.842703, 6.93315)
(6.97145, -0.727789, 6.93315)
(7.00976, -0.842703, 6.77993)
(7.00976, -0.842703, 6.81823)
(6.85654, -0.65118, 6.81823)
(6.93315, -0.727789, 6.77993)
(6.93315, -0.612875, 6.89484)
(6.97145, -0.842703, 6.81823)
(7.00976, -0.344742, 6.89484)
(6.89484, -0.766094, 6.81823)
(6.97145, -0.689484, 6.74162)
(6.74162, -0.57457, 6.97145)
(6.89484, -0.65118, 6.89484)
(6.89484, -0.65118, 6.81823)
(6.85654, -0.65118, 6.74162)
(6.97145, -0.689484, 6.77993)
(6.89484, -0.766094, 6.77993)
(6.93315, -0.727789, 6.97145)
(7.04806, -0.766094, 6.66501)
(6.85654, -0.689484, 6.77993)
(7.08637, -0.727789, 7.12467)
(7.00976, -0.842703, 6.66501)
(6.93315, -0.689484, 6.77993)
(6.97145, -0.689484, 6.77993)
(6.85654, -0.727789, 6.5118)
(7.00976, -0.842703, 6.74162)
(7.04806, -0.804398, 6.81823)
(7.08637, -0.727789, 6.85654)
(6.93315, -0.766094, 6.85654)
(6.77993, -0.804398, 6.93315)
(6.89484, -0.65118, 6.89484)
(7.08637, -0.727789, 6.74162)
(7.31619, -0.65118, 6.77993)
(6.93315, -0.689484, 6.62671)
(6.93315, -0.689484, 6.77993)
(6.89484, -0.727789, 6.81823)
(6.97145, -0.727789, 6.81823)
(6.97145, -0.766094, 6.85654)
(7.00976, -0.689484, 6.89484)
(6.97145, -0.727789, 6.85654)
(7.00976, -0.689484, 6.93315)
(6.89484, -0.766094, 6.81823)
(6.93315, -0.842703, 6.74162)
(6.93315, -0.804398, 6.97145)
(6.93315, -0.766094, 6.77993)
(7.00976, -0.766094, 6.77993)
(6.97145, -0.766094, 6.81823)
(6.93315, -0.766094, 6.93315)
(7.00976, -0.689484, 6.93315)
(6.89484, -0.65118, 7.08637)
(6.85654, -0.766094, 6.77993)
(6.93315, -0.727789, 6.85654)
(6.89484, -0.727789, 7.16298)
(6.93315, -0.804398, 6.81823)
(7.00976, -0.919312, 6.89484)
(7.12467, -0.804398, 6.93315)
(6.89484, -0.766094, 6.89484)
(6.93315, -0.766094, 6.77993)
(6.89484, -0.65118, 6.89484)
(6.85654, -0.804398, 6.93315)
(6.97145, -0.766094, 6.77993)
(6.81823, -0.842703, 7.00976)
(6.81823, -0.766094, 6.89484)
(6.81823, -0.842703, 6.97145)
(6.89484, -0.689484, 6.97145)
(6.93315, -0.804398, 7.08637)
(6.93315, -0.804398, 6.93315)
(6.81823, -0.842703, 6.70332)
(6.93315, -0.727789, 6.93315)
(6.81823, -0.842703, 7.00976)
(6.81823, -0.842703, 6.81823)
(6.93315, -0.766094, 6.85654)
(6.97145, -0.689484, 6.93315)
(7.04806, -0.881008, 6.89484)
(6.97145, -0.65118, 7.04806)
(6.93315, -0.612875, 7.08637)
(6.77993, -0.727789, 6.81823)
(6.97145, -0.689484, 6.89484)
(7.00976, -0.612875, 6.89484)
(7.08637, -0.766094, 6.97145)
(6.93315, -0.881008, 6.81823)
(6.81823, -0.689484, 6.81823)
(6.81823, -0.727789, 6.74162)
(6.89484, -0.689484, 7.00976)
(7.08637, -0.766094, 6.66501)
(6.77993, -0.727789, 6.81823)
(7.04806, -0.727789, 6.70332)
(7.08637, -0.612875, 7.12467)
(7.00976, -0.612875, 6.93315)
(6.70332, -0.804398, 6.58841)
(7.00976, -0.65118, 6.77993)
(6.97145, -0.612875, 6.66501)
(6.89484, -0.727789, 6.97145)
(6.97145, -0.689484, 6.77993)
(7.04806, -0.612875, 6.85654)
(6.97145, -0.65118, 6.70332)
(7.12467, -0.612875, 6.77993)
(6.97145, -0.766094, 7.23959)
(6.97145, -0.804398, 7.08637)
(6.89484, -0.612875, 6.85654)
(7.04806, -0.727789, 7.08637)
(6.89484, -0.842703, 6.81823)
(6.89484, -0.727789, 6.85654)
(7.00976, -0.536266, 6.81823)
(6.89484, -0.65118, 6.5501)
(6.85654, -0.65118, 6.77993)
(7.00976, -0.689484, 6.70332)
(6.93315, -0.766094, 6.89484)
(7.04806, -0.536266, 6.97145)
(6.93315, -0.689484, 6.70332)
(6.85654, -0.689484, 6.81823)
(6.93315, -0.804398, 7.04806)
(6.89484, -0.804398, 6.81823)
(6.85654, -0.766094, 6.58841)
(7.04806, -0.766094, 6.85654)
(6.93315, -0.766094, 6.85654)
(6.89484, -0.766094, 6.93315)
(6.93315, -0.727789, 6.77993)
(6.89484, -0.727789, 6.70332)
(6.89484, -0.881008, 6.89484)
(6.97145, -0.612875, 6.93315)
(6.89484, -0.766094, 6.66501)
(7.00976, -0.842703, 6.5501)
(7.00976, -0.842703, 6.66501)
(6.77993, -0.612875, 6.77993)
(7.08637, -0.804398, 6.81823)
(7.16298, -0.727789, 6.97145)
(6.85654, -0.881008, 6.93315)
(6.85654, -0.804398, 6.74162)
(6.62671, -0.804398, 6.70332)
(6.74162, -0.881008, 6.97145)
(6.66501, -0.881008, 6.97145)
(6.85654, -0.842703, 7.20128)
(7.00976, -0.65118, 6.93315)
(6.77993, -0.804398, 7.04806)
(6.77993, -0.842703, 7.00976)
(6.85654, -0.881008, 6.85654)
(6.89484, -0.842703, 7.00976)
(6.81823, -0.957617, 6.74162)
(6.85654, -0.919312, 6.97145)
(6.74162, -0.727789, 7.16298)
(6.77993, -0.804398, 7.04806)
(6.85654, -0.957617, 7.00976)
(6.85654, -0.919312, 6.97145)
(6.70332, -0.766094, 7.12467)
(6.70332, -0.766094, 7.12467)
(6.93315, -0.842703, 6.93315)
(6.85654, -0.804398, 6.81823)
(6.77993, -0.881008, 6.81823)
(6.77993, -0.919312, 6.85654)
(6.70332, -0.881008, 6.97145)
(6.85654, -0.842703, 7.12467)
(6.85654, -0.957617, 6.5501)
(6.62671, -0.842703, 7.00976)
(6.70332, -0.804398, 6.85654)
(6.77993, -0.957617, 6.89484)
(6.74162, -0.766094, 6.93315)
(6.85654, -0.842703, 6.93315)
(7.00976, -0.804398, 6.93315)
(6.85654, -0.804398, 6.81823)
(6.85654, -0.881008, 6.85654)
(6.77993, -0.804398, 6.85654)
(6.89484, -0.957617, 6.93315)
(6.74162, -0.957617, 7.04806)
(6.85654, -0.842703, 6.93315)
(6.81823, -0.804398, 6.97145)
(6.77993, -0.881008, 7.04806)
(6.93315, -0.842703, 6.89484)
(6.85654, -0.957617, 7.16298)
(6.89484, -0.842703, 6.93315)
(6.89484, -0.919312, 6.93315)
(6.89484, -0.842703, 7.16298)
(6.85654, -0.881008, 6.93315)
(6.77993, -0.766094, 6.97145)
(6.89484, -0.727789, 7.04806)
(6.81823, -0.804398, 6.74162)
(6.74162, -0.957617, 6.93315)
(6.93315, -0.995922, 6.81823)
(6.81823, -0.881008, 6.97145)
(6.74162, -0.881008, 6.70332)
(6.97145, -0.766094, 6.89484)
(6.62671, -0.881008, 6.81823)
(6.77993, -0.919312, 7.08637)
(6.85654, -0.804398, 6.85654)
(6.77993, -0.766094, 6.93315)
(6.89484, -0.919312, 6.97145)
(6.97145, -0.727789, 7.00976)
(7.00976, -0.766094, 6.89484)
(6.81823, -0.804398, 6.85654)
(6.85654, -0.919312, 7.00976)
(6.93315, -0.766094, 6.85654)
(7.00976, -0.804398, 7.12467)
(6.77993, -0.804398, 6.89484)
(6.70332, -0.957617, 6.93315)
(6.97145, -0.881008, 7.08637)
(6.93315, -0.804398, 7.00976)
(6.85654, -0.842703, 6.74162)
(6.85654, -0.804398, 6.85654)
(6.93315, -0.842703, 6.89484)
(6.77993, -0.919312, 6.97145)
(6.93315, -0.804398, 6.89484)
(6.81823, -0.957617, 6.85654)
(6.97145, -0.881008, 6.85654)
(6.74162, -0.919312, 6.93315)
(6.89484, -0.766094, 7.04806)
(6.85654, -0.842703, 6.93315)
(6.97145, -0.919312, 6.85654)
(7.00976, -0.881008, 6.89484)
(6.81823, -0.919312, 6.89484)
(6.77993, -0.881008, 7.08637)
(6.81823, -0.881008, 6.93315)
(6.81823, -0.995922, 6.97145)
(6.77993, -1.07253, 6.85654)
(6.93315, -0.995922, 6.89484)
(6.97145, -1.07253, 6.93315)
(7.16298, -1.07253, 7.04806)
(6.93315, -1.07253, 6.93315)
(6.85654, -1.03423, 6.81823)
(6.81823, -1.30236, 6.77993)
(6.70332, -1.18745, 6.93315)
(6.77993, -1.22575, 6.89484)
(6.81823, -1.22575, 7.00976)
(6.74162, -1.14914, 6.89484)
(6.66501, -1.18745, 6.81823)
(6.81823, -1.41727, 7.20128)
(6.58841, -1.37897, 7.00976)
(6.77993, -1.37897, 7.08637)
(6.89484, -1.30236, 6.81823)
(6.58841, -1.41727, 7.20128)
(6.58841, -1.41727, 7.12467)
(6.81823, -1.37897, 7.77585)
(6.5118, -1.49388, 6.97145)
(6.32027, -1.6088, 7.08637)
(6.39688, -1.6088, 7.12467)
(6.09044, -1.6088, 7.43111)
(6.12875, -1.57049, 7.66094)
(6.12875, -1.6471, 6.70332)
(6.39688, -1.91523, 7.08637)
(6.47349, -1.49388, 7.00976)
(6.5118, -1.83862, 7.00976)
(6.47349, -2.06845, 7.12467)
(6.32027, -2.03015, 7.20128)
(6.47349, -1.80032, 7.16298)
(6.5501, -1.95354, 7.16298)
(6.5501, -2.06845, 6.97145)
(6.24366, -1.80032, 7.46941)
(6.32027, -1.95354, 7.23959)
(6.43519, -1.95354, 7.08637)
(6.47349, -1.99184, 7.46941)
(6.28197, -1.91523, 7.16298)
(6.39688, -1.87693, 7.23959)
(6.16705, -1.91523, 7.3928)
(6.20536, -2.06845, 7.12467)
(6.05214, -2.22167, 7.31619)
(5.93723, -2.10676, 7.31619)
(6.43519, -2.41319, 6.5501)
(6.32027, -2.52811, 7.04806)
(6.43519, -2.22167, 7.58433)
(6.89484, -1.57049, 7.12467)
(6.35858, -1.30236, 6.01384)
(6.70332, -0.766094, 7.27789)
(6.47349, -0.612875, 7.81416)
(6.35858, -0.612875, 7.58433)
(6.43519, -0.383047, 7.3928)
(6.35858, -0.612875, 7.3545)
(5.97553, -0.497961, 7.92907)
(5.82231, -0.57457, 7.77585)
(5.89892, -0.689484, 8.04398)
(5.05622, -0.957617, 8.00568)
(5.28605, -0.727789, 8.35042)
(5.32435, -0.459656, 8.42703)
(4.71148, -0.344742, 8.54194)
(5.09452, -0.0766094, 8.31211)
(4.82639, -0.344742, 8.46534)
(4.82639, -0.344742, 8.54194)
(4.9413, 0.0383047, 8.54194)
(4.86469, -0.153219, 8.54194)
(5.13283, -0.0383047, 8.46534)
(4.67317, -0.191523, 8.1589)
(4.78809, 0.114914, 8.73347)
(4.9413, 0.0766094, 8.38873)
(4.40504, 0.114914, 8.96329)
(4.40504, 0.0383047, 8.81008)
(4.44334, -0.0766094, 8.38873)
(4.36673, 0.0383047, 8.50364)
(4.48165, 0.0, 8.69516)
(4.51995, 0.0, 8.58025)
(4.51995, 0.0766094, 8.88668)
(4.59656, 0.114914, 9.11651)
(4.59656, 0.0766094, 8.61855)
(4.67317, 0.114914, 8.77177)
(4.36673, 0.153219, 8.77177)
(4.29012, 0.0766094, 8.84838)
(4.21351, 0.0383047, 8.69516)
(4.29012, 0.153219, 8.77177)
(4.0986, 0.191523, 8.88668)
(4.25182, 0.153219, 8.73347)
(4.32843, 0.114914, 8.96329)
(4.40504, 0.114914, 8.84838)
(4.40504, 0.114914, 8.77177)
(4.29012, 0.0, 8.69516)
(4.0986, 0.114914, 8.73347)
(4.17521, 0.114914, 8.88668)
(4.36673, 0.153219, 8.73347)
(4.59656, 0.114914, 8.73347)
(4.32843, 0.191523, 8.73347)
(4.40504, 0.114914, 8.73347)
(4.40504, 0.191523, 8.81008)
(4.29012, 0.229828, 8.73347)
(4.51995, 0.153219, 8.81008)
(4.21351, 0.153219, 8.73347)
(4.13691, 0.0766094, 8.84838)
(4.29012, 0.114914, 8.88668)
(4.44334, 0.153219, 8.84838)
(4.13691, 0.229828, 8.65686)
(4.40504, 0.114914, 8.77177)
(4.29012, 0.153219, 8.65686)
(4.36673, 0.0766094, 8.54194)
(4.40504, 0.191523, 8.84838)
(4.36673, 0.0766094, 8.73347)
(4.36673, 0.114914, 8.69516)
(4.13691, 0.0766094, 8.84838)
(4.21351, 0.153219, 8.84838)
(4.36673, 0.114914, 8.65686)
(4.40504, 0.153219, 8.81008)
(4.32843, 0.191523, 8.69516)
(4.36673, 0.306437, 8.69516)
(4.13691, 0.191523, 8.81008)
(4.17521, 0.191523, 8.77177)
(4.32843, 0.114914, 8.88668)
(4.21351, 0.191523, 8.61855)
(4.48165, 0.114914, 8.88668)
(4.32843, 0.191523, 8.77177)
(4.25182, 0.153219, 8.69516)
(4.40504, 0.0766094, 8.88668)
(4.63487, 0.153219, 8.54194)
(4.44334, 0.0383047, 9.03991)
(4.21351, 0.229828, 8.81008)
(4.29012, 0.153219, 8.77177)
(4.40504, 0.0766094, 8.61855)
(4.36673, 0.191523, 8.65686)
(4.44334, 0.114914, 9.03991)
(4.21351, 0.191523, 8.54194)
(4.51995, 0.191523, 8.73347)
(4.40504, 0.191523, 8.73347)
(4.36673, 0.0766094, 8.73347)
(4.48165, 0.229828, 8.42703)
(4.40504, 0.0766094, 8.77177)
(4.36673, 0.114914, 8.81008)
(4.36673, 0.191523, 8.81008)
(4.13691, 0.153219, 8.77177)
(4.59656, 0.153219, 8.61855)
(4.36673, 0.0766094, 8.65686)
(4.36673, 0.153219, 8.81008)
(4.48165, 0.191523, 8.73347)
